    1.00000     1.00000     0.00000     -0.31550     -0.59570     0.00000     0.00000     0.00000     0.00000     2.00000     99.00000     -1.00000     15.00000     1.10000     0.90000
    2.00000     0.98760    -6.93000      0.00000      0.00000     4.00000     1.40000     0.00000     0.00000     3.00000      0.00000      0.00000     340.7150     1.10000     0.90000
    3.00000     1.05000     4.52000      5.20000      0.88030     0.80000     0.40000     0.00000     0.00000     1.00000     99.00000     -1.00000     15.75000     1.50000     0.50000
    4.00000     1.04500     4.09000      0.00000      0.00000     0.00000     0.00000     0.00000     0.00000     3.00000      0.00000      0.00000     360.4990     1.50000     0.50000
    5.00000     1.01600     0.38000      0.00000      0.00000     0.00000     0.00000     0.00000     0.00000     3.00000      0.00000      0.00000     350.3630     1.50000     0.50000
9999999.0000
    1.00000     5.00000     0.00200     0.02500     0.00000     1.00000     0.00000     1.10000     0.90000     0.00625
    4.00000     2.00000     0.01000     0.25000     1.60000     1.00000     0.00000     0.00000     0.00000     0.00000
    5.00000     2.00000     0.00250     0.04000     0.44000     1.00000     0.00000     0.00000     0.00000     0.00000
    3.00000     4.00000     0.00100     0.00200     0.00000     1.00000     0.00000     1.10000     0.90000     0.00625
    5.00000     4.00000     0.00250     0.02000     0.30000     1.00000     0.00000     0.00000     0.00000     0.00000
9999999.0000