     1.00000     1.08100    -4.32430     0.00000     0.00000     0.00000     0.00000     0.00000     0.00000     3.00000
     2.00000     1.08086    -4.39090     0.00000     0.00000     0.00000     0.00000     0.00000     0.00000     3.00000
     3.00000     1.10153    -4.02620     0.00000     0.00000     0.00000     0.00000     0.00000  -126.00000     3.00000
     4.00000     1.10153    -4.02620     0.00000     0.00000     0.00000     0.00000     0.00000  -126.00000     3.00000
     5.00000     1.10181    -4.02600     0.00000     0.00000     0.00000     0.00000     0.00000  -126.00000     3.00000
     6.00000     1.04330    -7.83940     0.00000     0.00000     0.00000     0.00000     0.00000     0.00000     3.00000
     7.00000     1.07630     3.20790     0.00000     0.00000     0.00000     0.00000     0.00000     0.00000     3.00000
     8.00000     1.11366     1.14620     0.00000     0.00000     0.00000     0.00000     0.00000     0.00000     3.00000
     9.00000     1.03959    -8.05450     0.00000     0.00000     0.00000     0.00000     0.00000     0.00000     3.00000
    10.00000     1.03957    -8.05520     0.00000     0.00000     0.00000     0.00000     0.00000     0.00000     3.00000
    11.00000     1.09367   -10.65940     0.00000     0.00000     0.00000     0.00000     0.00000     0.00000     3.00000
    12.00000     1.03886    -8.77210     0.00000     0.00000     0.00000     0.00000     0.00000     0.00000     3.00000
    13.00000     1.09819   -11.43260     0.00000     0.00000     0.00000     0.00000     0.00000     0.00000     3.00000
    14.00000     1.03852    -9.18020     0.00000     0.00000     0.00000     0.00000     0.00000     0.00000     3.00000
    15.00000     1.06829    -9.81390     0.00000     0.00000     0.00000     0.00000     0.00000  -126.00000     3.00000
    16.00000     1.06862    -9.86730     0.00000     0.00000     0.00000     0.00000     0.00000  -126.00000     3.00000
    17.00000     1.00123    -9.44480     0.00000     0.00000     0.00000     0.00000     0.00000  -250.00000     3.00000
    18.00000     1.07464   -10.88190     0.00000     0.00000     0.00000     0.00000     0.00000  -126.00000     3.00000
    19.00000     1.07082   -10.96170     0.00000     0.00000     0.00000     0.00000     0.00000   -58.00000     3.00000
    20.00000     1.11305   -10.96050     0.00000     0.00000     0.00000     0.00000     0.00000     0.00000     3.00000
    21.00000     1.10855   -11.24320     0.00000     0.00000     0.00000     0.00000     0.00000     0.00000     3.00000
    22.00000     1.03103    -3.88780     0.00000     0.00000     0.00000     0.00000     0.00000     0.00000     3.00000
    23.00000     1.09784    -5.51320     0.00000     0.00000     0.00000     0.00000     0.00000     0.00000     3.00000
    24.00000     1.02719     2.30130     0.00000     0.00000     0.00000     0.00000     0.00000     0.00000     3.00000
    25.00000     1.03796    -9.87350     0.00000     0.00000     0.00000     0.00000     0.00000     0.00000     3.00000
    26.00000     1.08944   -11.37700     0.00000     0.00000     0.00000     0.00000     0.00000     0.00000     3.00000
    27.00000     1.03885   -13.07640     0.00000     0.00000     0.00000     0.00000     0.00000     0.00000     3.00000
    28.00000     1.07623   -15.28110     0.00000     0.00000     0.00000     0.00000     0.00000  -126.00000     3.00000
    29.00000     1.07462   -15.44380     0.00000     0.00000     0.00000     0.00000     0.00000  -126.00000     3.00000
    30.00000     1.07305    -5.35370     0.00000     0.00000     0.00000     0.00000     0.00000     0.00000     3.00000
    31.00000     1.09053   -11.81620     0.00000     0.00000     0.00000     0.00000     0.00000     0.00000     3.00000
    32.00000     1.09371   -10.66690     0.00000     0.00000     0.00000     0.00000     0.00000     0.00000     3.00000
    33.00000     1.13924    -4.06370     0.00000     0.00000     0.00000     0.00000     0.00000     0.00000     3.00000
    34.00000     1.13871    -4.00440     0.00000     0.00000     0.45050     0.46560     0.00000     0.00000     3.00000
    35.00000     1.13900    -4.08250     0.00000     0.00000     0.49190     0.27530     0.00000     0.00000     3.00000
    36.00000     1.13854    -3.81710     0.00000     0.00000     0.00000     0.00000     0.00000     0.00000     3.00000
    37.00000     1.12351    -6.23450     0.00000     0.00000     0.00000     0.00000     0.00000     0.00000     3.00000
    38.00000     1.13057    -5.29490     0.00000     0.00000     0.00000     0.00000     0.00000     0.00000     3.00000
    39.00000     1.12696    -7.91830     0.00000     0.00000     0.00000     0.00000     0.00000     0.00000     3.00000
    40.00000     1.12694    -7.92240     0.00000     0.00000     0.00000     0.00000     0.00000     0.00000     3.00000
    41.00000     1.11884   -10.43400     0.00000     0.00000     0.00000     0.00000    54.00000   -10.00000     3.00000
    42.00000     1.11881   -10.44820     0.00000     0.00000     0.00000     0.00000    54.80000   -10.00000     3.00000
    43.00000     1.11895   -10.40610     0.00000     0.00000     0.00000     0.00000     0.00000     0.00000     3.00000
    44.00000     1.11892   -10.42010     0.00000     0.00000     0.00000     0.00000     0.00000     0.00000     3.00000
    45.00000     1.11729   -11.41680     0.00000     0.00000     0.00000     0.00000     0.00000     0.00000     3.00000
    46.00000     1.11730   -11.41180     0.00000     0.00000     0.00000     0.00000     0.00000     0.00000     3.00000
    47.00000     1.12753    -6.72770     0.00000     0.00000     0.00000     0.00000    15.20000     5.37000     3.00000
    48.00000     1.12783    -6.70830     0.00000     0.00000     0.00000     0.00000    13.80000     5.20000     3.00000
    49.00000     1.12790    -6.69880     0.00000     0.00000     0.00000     0.00000     0.00000     0.00000     3.00000
    50.00000     1.12760    -6.71770     0.00000     0.00000     0.00000     0.00000     0.00000     0.00000     3.00000
    51.00000     1.11239   -10.16170     0.00000     0.00000     0.58450     0.28440     0.00000     0.00000     3.00000
    52.00000     1.11178   -11.13450     0.00000     0.00000     0.00000     0.00000    23.00000    -9.70000     3.00000
    53.00000     1.11178   -11.13600     0.00000     0.00000     0.00000     0.00000    23.20000    -9.70000     3.00000
    54.00000     1.11311   -11.78780     0.00000     0.00000     0.00000     0.00000    18.80000    -9.30000     3.00000
    55.00000     1.11312   -11.78780     0.00000     0.00000     0.00000     0.00000    18.70000    -9.20000     3.00000
    56.00000     1.10714    -9.94520     0.00000     0.00000     0.00000     0.00000    18.60000    -7.50000     3.00000
    57.00000     1.10719    -9.94670     0.00000     0.00000     0.00000     0.00000    18.80000    -7.00000     3.00000
    58.00000     1.10664    -9.76640     0.00000     0.00000     0.76300    -0.10800   121.00000   140.00000     3.00000
    59.00000     1.11645   -10.84470     0.00000     0.00000     0.00000     0.00000   508.00000     8.63000     3.00000
    60.00000     1.13700    -6.37260     0.51000     0.32920     0.00000     0.00000   201.00000   165.00000     2.00000
    61.00000     1.11443   -11.89290     0.00000     0.00000     0.00000     0.00000     0.00000   149.00000     3.00000
    62.00000     1.05660   -14.47070     0.00000     0.00000     0.00000     0.00000     0.00000     0.00000     3.00000
    63.00000     1.11092   -13.98150     0.00000     0.00000     0.00000     0.00000   823.00000   525.00000     3.00000
    64.00000     1.09800    -9.28980     0.00000     0.00000     0.00000     0.00000   123.00000   -26.00000     3.00000
    65.00000     1.09798    -9.29160     0.00000     0.00000     0.00000     0.00000   124.00000   -26.00000     3.00000
    66.00000     1.11289     1.31550     0.00000     0.00000     1.02200     0.26700   216.00000  1897.00000     3.00000
    67.00000     1.09000    -5.65940    14.86000     2.85191     0.00000     0.00000  1821.00000  1280.00000     2.00000
    68.00000     1.20860   -30.98770     0.00000     0.00000     0.00000    -0.07410    56.30000   -25.00000     3.00000
    69.00000     1.09675   -10.41890     0.00000     0.00000     0.00000     0.00000   971.00000  -144.00000     3.00000
    70.00000     0.99983   -14.16930     0.00000     0.00000     0.00000     0.56630   103.00000   -86.00000     3.00000
    71.00000     1.02749   -14.26290     0.00000     0.00000     0.00000    -0.21200   106.00000  -122.00000     3.00000
    72.00000     1.10073   -11.19680     0.00000     0.00000     0.00000     0.00000  1019.00000    24.60000     3.00000
    73.00000     1.09753   -11.06230     0.00000     0.00000     0.00000     0.00000  1222.00000   841.00000     3.00000
    74.00000     1.09726   -11.46330     0.00000     0.00000     0.81900     0.43700   857.00000   574.00000     3.00000
    75.00000     1.11789   -15.18960     0.00000     0.00000     0.00000     0.00000   387.00000   199.00000     3.00000
    76.00000     1.02089     5.53280     0.00000     0.00000     0.00000     0.00000  -667.00000  -185.00000     3.00000
    77.00000     0.98799     6.71780     0.00000     0.00000     0.00000     0.00000     0.00000  -125.00000     3.00000
    78.00000     1.07396    -5.19240     0.00000     0.00000     0.89000     0.26800     0.00000     0.00000     3.00000
    79.00000     1.05200    -9.51800     2.50200    -0.15978     0.09100     0.03000   238.00000    27.10000     2.00000
    80.00000     1.06900    -8.22170     0.47000    -0.15035     0.17100     0.05000     0.00000    29.90000     2.00000
    81.00000     1.13039   -25.86730     0.00000     0.00000     0.82200    -0.93100    70.00000   -47.00000     3.00000
    82.00000     0.97500   -18.66550     0.70000     0.17153     0.02100     0.01100   111.00000   -28.00000     2.00000
    83.00000     1.09846    -5.38460     0.00000     0.00000     0.00000     0.00000   105.00000    -0.42000     3.00000
    84.00000     1.11558    -9.44130     0.00000     0.00000     0.24300     0.08200     0.00000     0.00000     3.00000
    85.00000     1.11649   -13.04810     0.00000     0.00000     0.27400     0.00300     0.00000     0.00000     3.00000
    86.00000     1.05669   -14.01160     0.00000     0.00000     0.00000     0.00000   292.00000   -22.00000     3.00000
    87.00000     1.06515    -7.17370     0.00000     0.00000     0.00000     0.00000    37.70000   -47.00000     3.00000
    88.00000     1.10942    -8.34720     0.00000     0.00000     0.69000     0.20900     0.00000     0.00000     3.00000
    89.00000     1.06600     3.68040     6.73000     1.36359     0.00600     0.00200   678.00000    71.10000     2.00000
    90.00000     0.95000    -7.36040     0.22000    -0.03865     0.04600     0.01500    29.50000   -19.00000     2.00000
    91.00000     1.00000    -9.27880     0.64000    -0.01540     0.00000     0.00000    19.30000   -27.00000     2.00000
    92.00000     0.95612   -12.75780     0.00000     0.00000     0.00000     0.31020    43.40000   -43.00000     3.00000
    93.00000     1.00000    -1.92050     7.00000     3.73772     1.00400     0.73200     0.00000     0.00000     2.00000
    94.00000     1.02000    -0.74750     3.00000     0.19055     0.15400     0.07600   140.00000  -141.00000     2.00000
    95.00000     0.92000    18.87830     1.31000     0.10124     0.06700     0.02200    27.20000   -58.00000     2.00000
    96.00000     1.00000    -8.97940     0.60000     0.21108     0.00000     0.00000    47.80000   -45.00000     2.00000
    97.00000     0.96700    -4.34660     1.40000     0.45626     0.00000     0.00000   129.00000  -177.00000     2.00000
    98.00000     0.97000     5.18400     4.26000    -0.32718     0.00000     0.00000    82.10000  -121.00000     2.00000
    99.00000     1.00000     1.09570     2.00000    -0.08331     0.10460     0.05230     0.00000     0.00000     2.00000
   100.00000     1.01400     0.70050     1.70000     0.58720     0.00000     0.00000    59.10000  -101.00000     2.00000
   101.00000     1.03900    -6.09220     3.10900     1.48655     0.17800     0.04500    64.70000  -238.00000     2.00000
   102.00000     1.01900    -4.76540    20.40000     4.88895     0.37600     0.09200   458.00000  -619.00000     2.00000
   103.00000     1.00000     1.51160     1.35000     0.04959     0.00000     0.00000    62.40000   -45.00000     2.00000
   104.00000     1.00590    13.67380    20.00000     5.00000     0.30200     0.07600     0.00000     0.00000     2.00000
   105.00000     1.00700    -2.79770    16.20000     3.88328     0.96000     1.67400    24.20000  -999.00000     2.00000
   106.00000     1.00500    -2.75210    10.80000     2.09374     0.64000     0.16000    36.90000  -719.00000     2.00000
   107.00000     1.02108   -13.57850     0.00000     0.00000    -0.17500    -0.12800    28.80000   -22.00000     3.00000
   108.00000     1.01400   -14.03270     8.00000     0.77272     0.00000     0.00000   520.00000  -244.00000     2.00000
   109.00000     0.91500   -18.45730     0.52000    -0.15552     0.00000     0.00000    84.50000   -47.00000     2.00000
   110.00000     1.00000    -1.30930     7.00000     5.19917     1.00400     0.73200     0.00000     0.00000     2.00000
   111.00000     1.00000     7.96870    20.00000     5.63699     0.60400    11.66000    23.30000  -999.00000     2.00000
   112.00000     1.03700    -6.26670     3.00000     1.40105     0.18600     0.04600    64.30000  -236.00000     2.00000
   113.00000     0.97797    -4.39090     0.00000     0.00000     0.00000     0.00000     0.00000     0.00000     3.00000
   114.00000     0.97797    -4.39090     0.00000     0.00000     0.00000     0.00000     0.00000     0.00000     3.00000
   115.00000     1.04900   -15.61130    24.93000     1.42733     6.83500     1.84700  2856.00000     9.41000     2.00000
   116.00000     1.04300   -16.86280    27.13000     6.31837     7.92600     3.15500  1930.00000  -195.00000     2.00000
   117.00000     1.03000   -15.32470    26.27000     2.58545     4.85300     0.71400  2410.00000   -54.00000     2.00000
   118.00000     1.01000   -17.79420    42.20000     6.60363     6.51900     3.28400  4788.00000  -979.00000     2.00000
   119.00000     1.01300   -59.41310    89.54000    47.48493    20.94000    37.74000  9999.00000  -999.00000     2.00000
   120.00000     1.03311   -51.60610     0.00000     0.00000    -4.08000     1.75100  2026.00000   855.00000     3.00000
   121.00000     1.04600   -20.19780    29.97000    -1.60232     2.37700    -0.17300   306.00000  1055.00000     2.00000
   122.00000     1.00000    -2.79090    10.09000     1.74040     0.29200     0.07000   397.00000   -61.00000     2.00000
   123.00000     1.01712   -33.12390     0.00000     0.00000    -0.84000    -0.19000   118.00000     1.40000     3.00000
   124.00000     1.00000    -1.88750    30.05000     5.69186     0.94100     7.80300   766.00000  -999.00000     2.00000
   125.00000     1.00838   -32.59590     0.00000     0.00000    -7.12000    -3.19000  2831.00000   -71.00000     3.00000
   126.00000     1.05238   -73.90110     0.00000     0.00000    -3.33000    -1.60000  1604.00000   347.00000     3.00000
   127.00000     1.00696   -36.40080     0.00000     0.00000    -5.46000    -0.72000   305.00000   -51.00000     3.00000
   128.00000     1.02500   -39.70700   129.63000    26.10817    40.75000     7.03500  5252.00000  -472.00000     2.00000
   129.00000     0.98019   -73.07460     0.00000     0.00000    -4.82000    -1.22000  3855.00000   387.00000     3.00000
   130.00000     1.05700   -51.86610    59.37000    18.34966    43.28000     9.44300  3830.00000   -91.00000     2.00000
   131.00000     1.04200   -24.31760   283.00000    74.73082   218.40000    43.20000  5145.00000  -780.00000     2.00000
   132.00000     1.04200    -7.24250    30.95000     6.33419     4.91900     1.10200  1239.00000  -226.00000     2.00000
   133.00000     1.09222   -11.60010     0.00000     0.00000    -0.83000    -0.36300   103.00000    -5.90000     3.00000
   134.00000     1.04400   -10.82110   206.25998    74.02156   223.09000    74.02000  -141.00000   -78.00000     2.00000
   135.00000     1.10700    29.04400    59.82000    15.64841    42.98000    12.64000  -999.00000   835.00000     2.00000
   136.00000     1.08300     4.38730   519.50000   144.53496   529.51000   135.52000  -999.00000   375.00000     2.00000
   137.00000     1.06400   -72.73150   120.68000    34.50758   129.46000    26.08000   499.00000  -219.00000     2.00000
   138.00000     1.11379    12.00980     0.00000     0.00000    -3.63000    -1.88000   433.00000   -81.00000     3.00000
   139.00000     1.04000   -10.55710   568.34004   158.49663   577.18000   139.36000  1609.00000  -999.00000     2.00000
   140.00000     1.05000   -26.16390   231.23000    67.10474   247.75000    66.76000  -289.00000   -77.00000     2.00000
   141.00000     1.05300    -9.12080   379.11000   116.69519   327.99000   113.61000  5212.00000  -999.00000     2.00000
   142.00000     1.15500   -10.73260   244.49002    54.96146   177.37000    39.34000  4323.00000  2210.00000     2.00000
   143.00000     1.03100   -13.66470    52.54000    21.58621    46.72000    17.09000   586.00000  -999.00000     2.00000
   144.00000     0.99700    -8.57790   113.97000    26.86848    96.02000    22.03000  -436.00000  -999.00000     2.00000
   145.00000     1.05200     5.02000   141.18735    29.87191    91.73000    15.55000  -999.00000   457.00000     1.00000
   146.00000     1.15500   -10.73260     0.00000     0.00000     0.00000     0.00000     0.00000     0.00000     3.00000
9999999.0000
     1.00000     2.00000     0.00003     0.00080     0.06320     0.00000     0.00000
     1.00000     2.00000     0.00003     0.00080     0.06320     0.00000     0.00000
     1.00000     6.00000     0.00194     0.02090     2.37920     0.00000     0.00000
     2.00000     6.00000     0.00194     0.02090     2.37920     0.00000     0.00000
     3.00000     1.00000    -0.00787    -0.15019     0.00000     1.06952     0.00000
     3.00000    33.00000     0.00020     0.02210     0.00000     0.00000     0.00000
     4.00000     1.00000    -0.00787    -0.15019     0.00000     1.06952     0.00000
     4.00000    33.00000     0.00020     0.02210     0.00000     0.00000     0.00000
     5.00000     1.00000    -0.00778    -0.14836     0.00000     1.06952     0.00000
     5.00000    33.00000     0.00020     0.02190     0.00000     0.00000     0.00000
     6.00000     7.00000     0.00129     0.01390     1.46520     0.00000     0.00000
     6.00000     9.00000     0.00016     0.00170     0.17520     0.00000     0.00000
     6.00000    10.00000     0.00016     0.00170     0.17520     0.00000     0.00000
     6.00000    12.00000     0.00020     0.00210     0.87760     0.00000     0.00000
     6.00000    12.00000     0.00020     0.00210     0.87760     0.00000     0.00000
     8.00000     7.00000    -0.01057    -0.14311     0.00000     1.02923     0.00000
     8.00000    66.00000     0.00020     0.02210     0.00000     0.00000     0.00000
     8.00000    66.00000     0.00020     0.02990     0.00000     0.00000     0.00000
    11.00000     9.00000    -0.01823    -0.25726     0.00000     1.09099     0.00000
    11.00000    69.00000     0.00020     0.02620     0.00000     0.00000     0.00000
    12.00000    14.00000     0.00096     0.00910     0.85560     0.00000     0.00000
    12.00000    14.00000     0.00096     0.00910     0.85560     0.00000     0.00000
    12.00000    25.00000     0.00051     0.00550     0.62500     0.00000     0.00000
    12.00000    25.00000     0.00051     0.00550     0.62500     0.00000     0.00000
    13.00000    12.00000    -0.01991    -0.26549     0.00000     1.09099     0.00000
    13.00000    12.00000    -0.01991    -0.26549     0.00000     1.09099     0.00000
    13.00000    12.00000    -0.01874    -0.26036     0.00000     1.09099     0.00000
    13.00000    72.00000     0.00030     0.02620     0.00000     0.00000     0.00000
    13.00000    72.00000     0.00020     0.02600     0.00000     0.00000     0.00000
    13.00000    72.00000     0.00020     0.02600     0.00000     0.00000     0.00000
    14.00000    17.00000     0.00352     0.03670     3.45160     0.00000     0.00000
    14.00000    17.00000     0.00339     0.03670     3.45820     0.00000     0.00000
    15.00000    14.00000    -0.03485    -0.33558     0.00000     1.09123     0.00000
    15.00000    58.00000     0.00020     0.02550     0.00000     0.00000     0.00000
    16.00000    14.00000    -0.00840    -0.14016     0.00000     1.09123     0.00000
    16.00000    58.00000     0.00020     0.02200     0.00000     0.00000     0.00000
    17.00000    22.00000     0.00228     0.02760     2.62040     0.00000     0.00000
    18.00000    17.00000    -0.24121    -0.99715     0.00000     1.14837     0.00000
    18.00000    59.00000     0.00020     0.02980     0.00000     0.00000     0.00000
    19.00000    17.00000     0.00000    -0.63140     0.00000     1.15821     0.00000
    19.00000    59.00000     0.00000     0.06290     0.00000     0.00000     0.00000
    20.00000    17.00000     0.00000    -0.64676     0.00000     1.15821     0.00000
    20.00000    59.00000     0.00000     0.06380     0.00000     0.00000     0.00000
    21.00000    17.00000    -0.00720    -0.12246     0.00000     1.14837     0.00000
    21.00000    59.00000     0.00020     0.03290     0.00000     0.00000     0.00000
    22.00000    24.00000     0.00173     0.02080     1.96480     0.00000     0.00000
    23.00000    22.00000     0.00000    -0.32909     0.00000     1.07273     0.00000
    23.00000    83.00000     0.00030     0.05970     0.00000     0.00000     0.00000
    23.00000    83.00000     0.00040     0.05950     0.00000     0.00000     0.00000
    25.00000    27.00000     0.00230     0.02660     3.05080     0.00000     0.00000
    25.00000    27.00000     0.00230     0.02660     3.05080     0.00000     0.00000
    26.00000    25.00000    -0.00504    -0.11552     0.00000     1.09099     0.00000
    26.00000    73.00000     0.00030     0.02670     0.00000     0.00000     0.00000
    28.00000    27.00000    -0.09494    -0.61366     0.00000     1.10205     0.00000
    28.00000    75.00000     0.00020     0.02900     0.00000     0.00000     0.00000
    29.00000    27.00000    -0.01342    -0.21556     0.00000     1.10205     0.00000
    29.00000    75.00000     0.00020     0.02690     0.00000     0.00000     0.00000
    30.00000    22.00000     0.00000    -0.27857     0.00000     1.04910     0.00000
    30.00000    78.00000     0.00000     0.03350     0.00000     0.00000     0.00000
    31.00000    25.00000    -0.00689    -0.13846     0.00000     1.09099     0.00000
    31.00000    74.00000     0.00030     0.02790     0.00000     0.00000     0.00000
    32.00000    10.00000    -0.02268    -0.25549     0.00000     1.09099     0.00000
    32.00000    69.00000     0.00020     0.02650     0.00000     0.00000     0.00000
    33.00000     1.00000     0.00009     0.00525     0.00000     1.06952     0.00000
    33.00000    34.00000     0.00006     0.00090     0.00060     0.00000     0.00000
    33.00000    35.00000     0.00006     0.00090     0.00060     0.00000     0.00000
    33.00000    37.00000     0.00996     0.07070     0.11160     0.00000     0.00000
    33.00000    38.00000     0.00995     0.06930     0.11100     0.00000     0.00000
    33.00000    39.00000     0.00850     0.06990     0.10060     0.00000     0.00000
    33.00000    40.00000     0.00849     0.06980     0.10040     0.00000     0.00000
    33.00000    49.00000     0.00560     0.04930     0.07780     0.00000     0.00000
    33.00000    50.00000     0.00560     0.04930     0.07780     0.00000     0.00000
    34.00000    36.00000     0.00025     0.00220     0.00060     0.00000     0.00000
    37.00000    88.00000     0.00310     0.16510     0.00000     0.00000     0.00000
    38.00000    88.00000     0.00310     0.16380     0.00000     0.00000     0.00000
    39.00000    43.00000     0.00602     0.04950     0.07120     0.00000     0.00000
    39.00000    84.00000     0.00722     0.27860     0.00000     0.00000     0.00000
    40.00000    44.00000     0.00603     0.04960     0.07140     0.00000     0.00000
    40.00000    84.00000     0.00729     0.27560     0.00000     0.00000     0.00000
    41.00000    42.00000     0.00050     0.15140     0.00000     0.00000     0.00000
    41.00000    43.00000     0.00001     0.00090     0.00060     0.00000     0.00000
    42.00000    44.00000     0.00001     0.00090     0.00060     0.00000     0.00000
    43.00000    46.00000     0.00618     0.05080     0.07320     0.00000     0.00000
    44.00000    45.00000     0.00618     0.05080     0.07320     0.00000     0.00000
    45.00000    61.00000     0.00445     0.03660     0.05260     0.00000     0.00000
    45.00000    85.00000     0.00000     0.26000     0.00000     0.00000     0.00000
    46.00000    61.00000     0.00445     0.03660     0.05260     0.00000     0.00000
    46.00000    85.00000     0.00000     0.25920     0.00000     0.00000     0.00000
    47.00000    48.00000    -0.01000     0.23060     0.00000     0.00000     0.00000
    47.00000    50.00000     0.00001     0.00090     0.00060     0.00000     0.00000
    47.00000    87.00000     0.08310     0.40100     0.00000     0.00000     0.00000
    48.00000    49.00000     0.00001     0.00090     0.00060     0.00000     0.00000
    48.00000    87.00000     0.09980     0.43600     0.00000     0.00000     0.00000
    49.00000    51.00000     0.00898     0.07900     0.12480     0.00000     0.00000
    50.00000    51.00000     0.00898     0.07900     0.12480     0.00000     0.00000
    51.00000    52.00000     0.00290     0.02790     0.04660     0.00000     0.00000
    51.00000    53.00000     0.00290     0.02790     0.04660     0.00000     0.00000
    51.00000    56.00000     0.00759     0.04830     0.07120     0.00000     0.00000
    51.00000    57.00000     0.00759     0.04830     0.07120     0.00000     0.00000
    52.00000    53.00000    -0.00670     0.39110     0.00000     0.00000     0.00000
    52.00000    54.00000     0.00470     0.02930     0.04620     0.00000     0.00000
    53.00000    55.00000     0.00470     0.02930     0.04620     0.00000     0.00000
    54.00000    55.00000    -0.05530     0.92890     0.00000     0.00000     0.00000
    54.00000    61.00000     0.00141     0.00870     0.01380     0.00000     0.00000
    55.00000    61.00000     0.00141     0.00870     0.01380     0.00000     0.00000
    56.00000    57.00000    -0.00900     0.38950     0.00000     0.00000     0.00000
    56.00000    58.00000     0.00190     0.01200     0.01780     0.00000     0.00000
    57.00000    58.00000     0.00190     0.01200     0.01780     0.00000     0.00000
    58.00000    14.00000     0.00017     0.00815     0.00000     1.09123     0.00000
    58.00000    59.00000     0.66740     2.21750     0.00000     0.00000     0.00000
    58.00000    72.00000     0.03020     0.23640     0.00000     0.00000     0.00000
    58.00000    87.00000     0.08630     0.39060     0.00000     0.00000     0.00000
    58.00000    98.00000     0.01310     0.17650     0.00000     0.00000     0.00000
    58.00000   100.00000     0.11930     1.26900     0.00000     0.00000     0.00000
    58.00000   103.00000     0.84160     5.53830     0.00000     0.00000     0.00000
    59.00000    17.00000     0.00008     0.00538     0.00000     1.14837     0.00000
    59.00000    60.00000    -0.18030     5.96590     0.00000     0.00000     0.00000
    59.00000    72.00000     0.86130     3.04850     0.00000     0.00000     0.00000
    59.00000    79.00000     0.00990     0.26440     0.00000     0.00000     0.00000
    59.00000    80.00000     0.28760     2.38980     0.00000     0.00000     0.00000
    59.00000    89.00000     0.34210     9.05710     0.00000     0.00000     0.00000
    59.00000    92.00000    -0.00700     0.56780     0.00000     0.00000     0.00000
    59.00000    94.00000     0.70410     5.98850     0.00000     0.00000     0.00000
    59.00000    98.00000     0.10600     0.58450     0.00000     0.00000     0.00000
    59.00000   100.00000     0.01830     0.20160     0.00000     0.00000     0.00000
    59.00000   103.00000     0.03680     0.33410     0.00000     0.00000     0.00000
    59.00000   107.00000     0.03720     0.88340     0.00000     0.00000     0.00000
    60.00000    79.00000    -0.03750     1.10680     0.00000     0.00000     0.00000
    60.00000    80.00000     0.06550     2.64410     0.00000     0.00000     0.00000
    60.00000    90.00000    -0.02010     1.51350     0.00000     0.00000     0.00000
    60.00000    92.00000    -0.26400     3.71390     0.00000     0.00000     0.00000
    60.00000    94.00000     0.00120     0.07750     0.00000     0.00000     0.00000
    60.00000    95.00000    -0.08550     0.99260     0.00000     0.00000     0.00000
    60.00000   135.00000    -1.83100     9.79640     0.00000     0.00000     0.00000
    60.00000   138.00000    -0.36390     1.79360     0.00000     0.00000     0.00000
    61.00000    63.00000     0.00812     0.07820     0.13180     0.00000     0.00000
    61.00000    63.00000     0.00812     0.07820     0.13180     0.00000     0.00000
    61.00000    64.00000     0.00242     0.03180     0.05680     0.00000     0.00000
    61.00000    65.00000     0.00242     0.03180     0.05680     0.00000     0.00000
    62.00000    61.00000    -0.05204    -0.59954     0.00000     0.95238     0.00000
    62.00000    61.00000    -0.03991    -0.28753     0.00000     0.95238     0.00000
    62.00000    86.00000     0.00130     0.08380     0.00000     0.00000     0.00000
    62.00000    86.00000     0.00360     0.05010     0.00000     0.00000     0.00000
    63.00000    64.00000     0.01470     0.28250     0.00000     0.00000     0.00000
    63.00000    65.00000     0.01470     0.28130     0.00000     0.00000     0.00000
    63.00000    66.00000     0.00560     0.09000     0.00000     0.00000     0.00000
    63.00000    67.00000     0.03210     0.27850     0.00000     0.00000     0.00000
    63.00000    69.00000     0.01070     0.15710     0.00000     0.00000     0.00000
    63.00000   102.00000     0.01060     0.15760     0.00000     0.00000     0.00000
    63.00000   102.00000     0.01070     0.16040     0.00000     0.00000     0.00000
    63.00000   102.00000     0.01060     0.15830     0.00000     0.00000     0.00000
    63.00000   102.00000     0.01040     0.15420     0.00000     0.00000     0.00000
    63.00000   116.00000    -0.38970     6.85880     0.00000     0.00000     0.00000
    63.00000   117.00000     0.00300     0.05600     0.00000     0.00000     0.00000
    63.00000   118.00000    -0.01250     0.24250     0.00000     0.00000     0.00000
    63.00000   124.00000    -0.12650     2.02200     0.00000     0.00000     0.00000
    64.00000    65.00000     0.00130     0.16740     0.00000     0.00000     0.00000
    64.00000    66.00000     0.00390     0.06840     0.00000     0.00000     0.00000
    64.00000    67.00000     0.02330     0.21200     0.00000     0.00000     0.00000
    64.00000    69.00000     0.00750     0.11960     0.00000     0.00000     0.00000
    64.00000    97.00000    -0.43360     8.29230     0.00000     0.00000     0.00000
    64.00000   124.00000    -0.10410     1.53750     0.00000     0.00000     0.00000
    65.00000    66.00000     0.00390     0.06820     0.00000     0.00000     0.00000
    65.00000    67.00000     0.02330     0.21110     0.00000     0.00000     0.00000
    65.00000    69.00000     0.00750     0.11910     0.00000     0.00000     0.00000
    65.00000    97.00000    -0.42920     8.25820     0.00000     0.00000     0.00000
    65.00000   124.00000    -0.10320     1.53120     0.00000     0.00000     0.00000
    66.00000     7.00000     0.00014     0.00916     0.00000     1.02923     0.00000
    66.00000    67.00000     0.00810     0.06750     0.00000     0.00000     0.00000
    66.00000    68.00000    -2.47300     2.47200     0.00000     0.00000     0.00000
    66.00000    69.00000     0.00280     0.03810     0.00000     0.00000     0.00000
    66.00000    97.00000    -0.11190     2.64320     0.00000     0.00000     0.00000
    66.00000   111.00000     0.00057     0.02660     0.00000     0.00000     0.00000
    66.00000   111.00000     0.00000     0.02730     0.00000     0.00000     0.00000
    66.00000   111.00000     0.00000     0.02640     0.00000     0.00000     0.00000
    66.00000   111.00000     0.00057     0.02640     0.00000     0.00000     0.00000
    66.00000   124.00000    -0.02830     0.49020     0.00000     0.00000     0.00000
    67.00000    68.00000    -3.44300     3.71720     0.00000     0.00000     0.00000
    67.00000    69.00000     0.00610     0.05500     0.00000     0.00000     0.00000
    67.00000    97.00000     0.00630     0.11660     0.00000     0.00000     0.00000
    67.00000   119.00000    -0.22130     9.39180     0.00000     0.00000     0.00000
    67.00000   120.00000    -0.00340     1.78470     0.00000     0.00000     0.00000
    67.00000   121.00000     0.00820     1.17000     0.00000     0.00000     0.00000
    67.00000   122.00000    -0.00470     0.44730     0.00000     0.00000     0.00000
    67.00000   124.00000     0.00030     0.00650     0.00000     0.00000     0.00000
    67.00000   125.00000     0.00620     0.25190     0.00000     0.00000     0.00000
    67.00000   132.00000    -0.31940     4.35660     0.00000     0.00000     0.00000
    68.00000    69.00000    -0.69200     0.69840     0.00000     0.00000     0.00000
    69.00000     9.00000     0.00034     0.01579     0.00000     1.09099     0.00000
    69.00000    10.00000     0.00034     0.01571     0.00000     1.09099     0.00000
    69.00000    70.00000     0.00850     0.33330     0.00000     0.00000     0.00000
    69.00000    71.00000     0.00750     0.31200     0.00000     0.00000     0.00000
    69.00000    72.00000     0.00130     0.01000     0.00000     0.00000     0.00000
    69.00000    73.00000     0.00980     0.07470     0.00000     0.00000     0.00000
    69.00000    74.00000     0.01350     0.07410     0.00000     0.00000     0.00000
    69.00000    97.00000    -0.06740     1.58490     0.00000     0.00000     0.00000
    69.00000   101.00000     0.01740     0.21880     0.00000     0.00000     0.00000
    69.00000   112.00000     0.01750     0.22010     0.00000     0.00000     0.00000
    69.00000   124.00000    -0.02670     0.39860     0.00000     0.00000     0.00000
    70.00000    71.00000    -0.48910     2.66130     0.00000     0.00000     0.00000
    70.00000    72.00000    -0.00620     0.12160     0.00000     0.00000     0.00000
    70.00000    73.00000    -0.04240     0.91250     0.00000     0.00000     0.00000
    70.00000    74.00000     0.00320     0.91380     0.00000     0.00000     0.00000
    70.00000   101.00000    -0.12480     1.04090     0.00000     0.00000     0.00000
    70.00000   112.00000    -0.12570     1.04710     0.00000     0.00000     0.00000
    71.00000    72.00000    -0.00600     0.11380     0.00000     0.00000     0.00000
    71.00000    73.00000    -0.04090     0.85410     0.00000     0.00000     0.00000
    71.00000    74.00000     0.00180     0.85530     0.00000     0.00000     0.00000
    71.00000   101.00000    -0.15920     1.23030     0.00000     0.00000     0.00000
    71.00000   112.00000    -0.16030     1.23770     0.00000     0.00000     0.00000
    72.00000    12.00000     0.00025     0.01596     0.00000     1.09099     0.00000
    72.00000    12.00000     0.00025     0.01596     0.00000     1.09099     0.00000
    72.00000    12.00000     0.00025     0.01588     0.00000     1.09099     0.00000
    72.00000    73.00000     0.00150     0.02750     0.00000     0.00000     0.00000
    72.00000    74.00000     0.00280     0.02740     0.00000     0.00000     0.00000
    72.00000    98.00000     0.01380     0.24170     0.00000     0.00000     0.00000
    72.00000   100.00000     0.13370     1.73840     0.00000     0.00000     0.00000
    72.00000   101.00000     0.00020     0.08020     0.00000     0.00000     0.00000
    72.00000   103.00000     1.02240     7.59450     0.00000     0.00000     0.00000
    72.00000   112.00000     0.00020     0.08060     0.00000     0.00000     0.00000
    73.00000    25.00000     0.00025     0.01445     0.00000     1.09099     0.00000
    73.00000    74.00000    -0.00070     0.03930     0.00000     0.00000     0.00000
    73.00000    75.00000     0.01470     0.25810     0.00000     0.00000     0.00000
    73.00000    81.00000    -0.01220     0.30680     0.00000     0.00000     0.00000
    73.00000    82.00000     0.00360     2.01690     0.00000     0.00000     0.00000
    73.00000    91.00000     0.02710     0.57320     0.00000     0.00000     0.00000
    73.00000    96.00000     0.02450     0.48050     0.00000     0.00000     0.00000
    73.00000   101.00000     0.00440     0.60140     0.00000     0.00000     0.00000
    73.00000   105.00000     0.00070     0.03250     0.00000     0.00000     0.00000
    73.00000   105.00000     0.00060     0.02950     0.00000     0.00000     0.00000
    73.00000   105.00000     0.00070     0.03250     0.00000     0.00000     0.00000
    73.00000   108.00000    -0.01820     0.58320     0.00000     0.00000     0.00000
    73.00000   109.00000     0.05240     3.00590     0.00000     0.00000     0.00000
    73.00000   112.00000     0.00430     0.60500     0.00000     0.00000     0.00000
    73.00000   121.00000    -0.02680     1.76530     0.00000     0.00000     0.00000
    74.00000    25.00000     0.00034     0.01504     0.00000     1.09099     0.00000
    74.00000    75.00000     0.02150     0.32770     0.00000     0.00000     0.00000
    74.00000    81.00000    -0.03330     0.46310     0.00000     0.00000     0.00000
    74.00000    82.00000    -0.00980     1.98590     0.00000     0.00000     0.00000
    74.00000    91.00000     0.04130     0.75110     0.00000     0.00000     0.00000
    74.00000    96.00000     0.43500     7.69010     0.00000     0.00000     0.00000
    74.00000   101.00000     0.03440     0.60050     0.00000     0.00000     0.00000
    74.00000   106.00000     0.00050     0.03280     0.00000     0.00000     0.00000
    74.00000   106.00000     0.00300     0.03350     0.00000     0.00000     0.00000
    74.00000   108.00000    -0.01870     0.45440     0.00000     0.00000     0.00000
    74.00000   109.00000     0.10040     3.46970     0.00000     0.00000     0.00000
    74.00000   112.00000     0.03450     0.60420     0.00000     0.00000     0.00000
    74.00000   121.00000    -0.03480     1.37570     0.00000     0.00000     0.00000
    75.00000    27.00000     0.00013     0.00823     0.00000     1.10205     0.00000
    75.00000    82.00000     0.07770     1.12500     0.00000     0.00000     0.00000
    75.00000    91.00000    -0.22550     3.14420     0.00000     0.00000     0.00000
    75.00000    96.00000    -0.45160     4.63100     0.00000     0.00000     0.00000
    75.00000   108.00000     0.00420     0.10490     0.00000     0.00000     0.00000
    75.00000   109.00000     0.10460     1.44650     0.00000     0.00000     0.00000
    75.00000   121.00000     0.01780     0.31720     0.00000     0.00000     0.00000
    76.00000    24.00000     0.00020     0.00862     0.00000     1.01031     0.00000
    76.00000    77.00000     0.00020     0.01600     0.00000     0.00000     0.00000
    76.00000    89.00000     0.00110     0.02210     0.00000     0.00000     0.00000
    77.00000    24.00000    -0.00225    -0.05908     0.00000     1.01031     0.00000
    78.00000    22.00000     0.00000     0.02435     0.00000     1.04910     0.00000
    79.00000    80.00000     0.04400     0.09910     0.00000     0.00000     0.00000
    79.00000    90.00000     0.05060     2.47100     0.00000     0.00000     0.00000
    79.00000    92.00000     0.00170     0.30320     0.00000     0.00000     0.00000
    79.00000    94.00000     0.12750     1.11950     0.00000     0.00000     0.00000
    79.00000    95.00000     0.30500     6.41540     0.00000     0.00000     0.00000
    79.00000   107.00000     0.07860     1.41400     0.00000     0.00000     0.00000
    80.00000    90.00000     0.46580     5.87560     0.00000     0.00000     0.00000
    80.00000    92.00000     0.11920     1.50530     0.00000     0.00000     0.00000
    80.00000    94.00000     0.46000     2.64750     0.00000     0.00000     0.00000
    82.00000    91.00000    -0.23490     2.41880     0.00000     0.00000     0.00000
    82.00000   108.00000    -0.07420     0.72780     0.00000     0.00000     0.00000
    82.00000   109.00000    -0.00710     0.26340     0.00000     0.00000     0.00000
    82.00000   121.00000    -0.18920     2.20540     0.00000     0.00000     0.00000
    83.00000    22.00000     0.00000     0.03033     0.00000     1.07273     0.00000
    83.00000    89.00000     0.05820     0.38550     0.00000     0.00000     0.00000
    86.00000    61.00000     0.00121     0.04079     0.00000     0.95238     0.00000
    86.00000    61.00000     0.00121     0.04079     0.00000     0.95238     0.00000
    86.00000    61.00000     0.00146     0.03528     0.00000     0.95238     0.00000
    87.00000    37.00000     0.00103     0.04873     0.00000     0.95238     0.00000
    89.00000   103.00000    -1.07300     4.14330     0.00000     0.00000     0.00000
    90.00000    92.00000    -0.13800     8.29590     0.00000     0.00000     0.00000
    90.00000    94.00000     0.06890     1.07170     0.00000     0.00000     0.00000
    91.00000    96.00000    -0.12240     4.24630     0.00000     0.00000     0.00000
    91.00000   108.00000    -0.10780     0.69940     0.00000     0.00000     0.00000
    91.00000   109.00000    -0.26990     4.26340     0.00000     0.00000     0.00000
    91.00000   121.00000    -0.29240     2.12100     0.00000     0.00000     0.00000
    92.00000    94.00000     0.28830     3.77170     0.00000     0.00000     0.00000
    92.00000   107.00000     0.01760     3.02270     0.00000     0.00000     0.00000
    93.00000     1.00000     0.00024     0.01681     0.00000     0.90613     0.00000
    93.00000     1.00000     0.00024     0.01681     0.00000     0.90613     0.00000
    94.00000    95.00000     0.05340     0.99600     0.00000     0.00000     0.00000
    94.00000   138.00000    -0.11250     1.83850     0.00000     0.00000     0.00000
    95.00000   138.00000    -0.07320     0.63890     0.00000     0.00000     0.00000
    96.00000   108.00000    -0.82150     6.11430     0.00000     0.00000     0.00000
    97.00000   124.00000    -0.37930     1.95570     0.00000     0.00000     0.00000
    98.00000   100.00000    -0.00630     0.32690     0.00000     0.00000     0.00000
    98.00000   103.00000     0.05440     1.43580     0.00000     0.00000     0.00000
    99.00000    36.00000     0.00102     0.05801     0.00000     0.88566     0.00000
   100.00000   103.00000    -0.02490     0.48910     0.00000     0.00000     0.00000
   101.00000   112.00000    -0.01380     0.36100     0.00000     0.00000     0.00000
   102.00000   117.00000    -0.00030     0.01900     0.00000     0.00000     0.00000
   102.00000   118.00000    -0.02670     0.32220     0.00000     0.00000     0.00000
   104.00000     7.00000     0.00050     0.02125     0.00000     0.90481     0.00000
   104.00000     7.00000     0.00044     0.02321     0.00000     0.90481     0.00000
   108.00000   109.00000    -0.08250     1.27130     0.00000     0.00000     0.00000
   108.00000   121.00000    -0.00090     0.04310     0.00000     0.00000     0.00000
   109.00000   121.00000    -0.18810     3.84990     0.00000     0.00000     0.00000
   110.00000    33.00000     0.00032     0.02172     0.00000     0.84746     0.00000
   110.00000    33.00000     0.00033     0.02186     0.00000     0.84746     0.00000
   113.00000     2.00000     0.00000     0.01808     0.00000     0.90481     0.00000
   114.00000     2.00000     0.00022     0.01771     0.00000     0.90481     0.00000
   115.00000   116.00000     0.00080     0.02910     0.00000     0.00000     0.00000
   115.00000   117.00000    -0.00920     0.22220     0.00000     0.00000     0.00000
   115.00000   118.00000    -0.00440     0.06770     0.00000     0.00000     0.00000
   115.00000   143.00000    -0.10170     0.49240     0.00000     0.00000     0.00000
   116.00000   117.00000     0.00191     0.02880     0.00000     0.00000     0.00000
   116.00000   118.00000    -0.00100     0.04400     0.00000     0.00000     0.00000
   116.00000   143.00000    -0.21870     1.28960     0.00000     0.00000     0.00000
   117.00000   118.00000     0.00080     0.00810     0.00000     0.00000     0.00000
   117.00000   143.00000    -0.08340     0.68540     0.00000     0.00000     0.00000
   118.00000   131.00000    -0.89250     6.23850     0.00000     0.00000     0.00000
   118.00000   132.00000    -0.69670     8.14300     0.00000     0.00000     0.00000
   118.00000   143.00000    -0.00110     0.02310     0.00000     0.00000     0.00000
   119.00000   120.00000     0.00100     0.02360     0.00000     0.00000     0.00000
   119.00000   121.00000    -0.01100     0.29010     0.00000     0.00000     0.00000
   119.00000   122.00000    -0.60130     5.89410     0.00000     0.00000     0.00000
   119.00000   124.00000    -0.26180     3.39400     0.00000     0.00000     0.00000
   119.00000   125.00000    -0.00820     0.25950     0.00000     0.00000     0.00000
   119.00000   126.00000     0.00153     0.01790     0.00000     0.00000     0.00000
   119.00000   127.00000    -0.11720     1.39320     0.00000     0.00000     0.00000
   119.00000   128.00000    -0.00540     0.05160     0.00000     0.00000     0.00000
   119.00000   129.00000     0.00340     0.06420     0.00000     0.00000     0.00000
   119.00000   130.00000    -0.00220     0.01630     0.00000     0.00000     0.00000
   119.00000   131.00000    -0.00440     0.02420     0.00000     0.00000     0.00000
   119.00000   132.00000    -0.41370     2.40270     0.00000     0.00000     0.00000
   119.00000   144.00000    -0.85110     3.83580     0.00000     0.00000     0.00000
   120.00000   121.00000     0.00090     0.07790     0.00000     0.00000     0.00000
   120.00000   122.00000    -0.06100     0.93050     0.00000     0.00000     0.00000
   120.00000   123.00000    -0.04660     0.50110     0.00000     0.00000     0.00000
   120.00000   124.00000    -0.02590     0.47220     0.00000     0.00000     0.00000
   120.00000   125.00000    -0.00020     0.05550     0.00000     0.00000     0.00000
   120.00000   127.00000     0.00200     0.18180     0.00000     0.00000     0.00000
   120.00000   128.00000    -0.00290     0.07430     0.00000     0.00000     0.00000
   120.00000   129.00000    -0.02290     0.49110     0.00000     0.00000     0.00000
   120.00000   130.00000    -0.16740     1.06750     0.00000     0.00000     0.00000
   120.00000   131.00000    -0.06870     0.45160     0.00000     0.00000     0.00000
   120.00000   132.00000    -0.02550     0.45660     0.00000     0.00000     0.00000
   121.00000   122.00000    -0.01080     0.48300     0.00000     0.00000     0.00000
   121.00000   123.00000    -0.17120     1.94820     0.00000     0.00000     0.00000
   121.00000   124.00000    -0.00600     0.34940     0.00000     0.00000     0.00000
   121.00000   125.00000     0.00000     0.01240     0.00000     0.00000     0.00000
   121.00000   127.00000    -0.02040     0.83380     0.00000     0.00000     0.00000
   121.00000   128.00000    -0.02780     0.30950     0.00000     0.00000     0.00000
   121.00000   129.00000    -0.45450     4.25400     0.00000     0.00000     0.00000
   121.00000   131.00000    -0.21830     1.50660     0.00000     0.00000     0.00000
   121.00000   132.00000    -0.13080     1.38150     0.00000     0.00000     0.00000
   122.00000   123.00000    -0.58400     4.86090     0.00000     0.00000     0.00000
   122.00000   124.00000    -0.00090     0.05520     0.00000     0.00000     0.00000
   122.00000   125.00000    -0.00690     0.15830     0.00000     0.00000     0.00000
   122.00000   131.00000    -0.24330     1.93500     0.00000     0.00000     0.00000
   122.00000   132.00000    -0.01870     0.25720     0.00000     0.00000     0.00000
   122.00000   133.00000    -0.09800     0.98210     0.00000     0.00000     0.00000
   122.00000   143.00000    -0.03120     0.48880     0.00000     0.00000     0.00000
   123.00000   124.00000    -0.22300     1.96700     0.00000     0.00000     0.00000
   123.00000   125.00000    -0.08210     0.60620     0.00000     0.00000     0.00000
   123.00000   131.00000    -0.17830     1.25350     0.00000     0.00000     0.00000
   123.00000   132.00000    -0.13550     1.20410     0.00000     0.00000     0.00000
   124.00000   125.00000    -0.00170     0.09490     0.00000     0.00000     0.00000
   124.00000   128.00000    -1.15300     8.25130     0.00000     0.00000     0.00000
   124.00000   131.00000    -0.10620     0.81850     0.00000     0.00000     0.00000
   124.00000   132.00000    -0.00940     0.16120     0.00000     0.00000     0.00000
   124.00000   133.00000    -0.03420     1.17980     0.00000     0.00000     0.00000
   124.00000   143.00000    -0.00780     0.76070     0.00000     0.00000     0.00000
   125.00000   127.00000    -0.07910     0.98510     0.00000     0.00000     0.00000
   125.00000   128.00000    -0.06200     0.59910     0.00000     0.00000     0.00000
   125.00000   129.00000    -0.42170     3.97020     0.00000     0.00000     0.00000
   125.00000   130.00000    -1.97400     8.48540     0.00000     0.00000     0.00000
   125.00000   131.00000    -0.12510     0.69390     0.00000     0.00000     0.00000
   125.00000   132.00000    -0.05360     0.50860     0.00000     0.00000     0.00000
   127.00000   128.00000    -0.00260     0.12400     0.00000     0.00000     0.00000
   127.00000   129.00000    -0.03920     1.10820     0.00000     0.00000     0.00000
   128.00000   129.00000    -0.00100     0.02070     0.00000     0.00000     0.00000
   128.00000   130.00000    -1.10000     2.99240     0.00000     0.00000     0.00000
   128.00000   131.00000    -1.55900     4.08690     0.00000     0.00000     0.00000
   130.00000   131.00000    -0.00270     0.01540     0.00000     0.00000     0.00000
   130.00000   132.00000    -0.65090     3.03100     0.00000     0.00000     0.00000
   130.00000   144.00000    -0.75320     3.06640     0.00000     0.00000     0.00000
   131.00000   132.00000    -0.00320     0.04110     0.00000     0.00000     0.00000
   131.00000   133.00000    -1.07700     5.52850     0.00000     0.00000     0.00000
   131.00000   143.00000    -0.05880     0.40550     0.00000     0.00000     0.00000
   131.00000   144.00000    -0.00220     0.01510     0.00000     0.00000     0.00000
   132.00000   133.00000    -0.09160     0.82290     0.00000     0.00000     0.00000
   132.00000   143.00000    -0.00490     0.09650     0.00000     0.00000     0.00000
   132.00000   144.00000    -0.11080     0.98270     0.00000     0.00000     0.00000
   133.00000   143.00000    -0.36000     2.63090     0.00000     0.00000     0.00000
   134.00000   131.00000    -0.40420     0.91440     0.00000     0.00000     0.00000
   134.00000   136.00000    -0.06980     0.64280     0.00000     0.00000     0.00000
   134.00000   139.00000    -0.03530     0.16600     0.00000     0.00000     0.00000
   134.00000   141.00000    -0.02300     0.11790     0.00000     0.00000     0.00000
   134.00000   142.00000    -0.02630     0.11670     0.00000     0.00000     0.00000
   134.00000   144.00000    -0.01450     0.04350     0.00000     0.00000     0.00000
   134.00000   145.00000    -0.00340     0.02160     0.00000     0.00000     0.00000
   135.00000    95.00000    -0.34480     3.48450     0.00000     0.00000     0.00000
   135.00000   136.00000    -0.00310     0.01780     0.00000     0.00000     0.00000
   135.00000   138.00000    -0.00840     0.17290     0.00000     0.00000     0.00000
   135.00000   141.00000    -0.12900     0.69930     0.00000     0.00000     0.00000
   136.00000   115.00000    -0.01200     0.08550     0.00000     0.00000     0.00000
   136.00000   116.00000    -1.20000     4.26550     0.00000     0.00000     0.00000
   136.00000   117.00000    -2.96900     9.08750     0.00000     0.00000     0.00000
   136.00000   118.00000    -0.57490     1.62060     0.00000     0.00000     0.00000
   136.00000   138.00000    -0.15810     0.54850     0.00000     0.00000     0.00000
   136.00000   139.00000    -0.00590     0.02930     0.00000     0.00000     0.00000
   136.00000   140.00000    -2.40300     9.37800     0.00000     0.00000     0.00000
   136.00000   141.00000    -0.00260     0.01750     0.00000     0.00000     0.00000
   136.00000   142.00000    -0.04670     0.17090     0.00000     0.00000     0.00000
   136.00000   143.00000    -1.76200     3.45490     0.00000     0.00000     0.00000
   136.00000   145.00000    -0.00490     0.05390     0.00000     0.00000     0.00000
   137.00000   139.00000    -0.01830     0.09360     0.00000     0.00000     0.00000
   137.00000   140.00000    -2.22900     8.02280     0.00000     0.00000     0.00000
   137.00000   145.00000    -0.08520     0.40710     0.00000     0.00000     0.00000
   139.00000   140.00000    -0.00540     0.02390     0.00000     0.00000     0.00000
   139.00000   141.00000    -0.00830     0.04600     0.00000     0.00000     0.00000
   139.00000   142.00000    -0.31020     1.26700     0.00000     0.00000     0.00000
   139.00000   145.00000    -0.00090     0.00800     0.00000     0.00000     0.00000
   140.00000   145.00000    -0.10880     0.48000     0.00000     0.00000     0.00000
   141.00000   115.00000    -0.00070     0.01310     0.00000     0.00000     0.00000
   141.00000   116.00000    -0.15680     0.74480     0.00000     0.00000     0.00000
   141.00000   117.00000    -0.37020     1.38200     0.00000     0.00000     0.00000
   141.00000   118.00000    -0.04140     0.14390     0.00000     0.00000     0.00000
   141.00000   131.00000    -0.23310     0.81290     0.00000     0.00000     0.00000
   141.00000   132.00000    -1.62800     7.09360     0.00000     0.00000     0.00000
   141.00000   142.00000    -0.00180     0.01050     0.00000     0.00000     0.00000
   141.00000   143.00000    -0.07020     0.17780     0.00000     0.00000     0.00000
   141.00000   144.00000    -0.07560     0.24410     0.00000     0.00000     0.00000
   141.00000   145.00000    -0.00380     0.03580     0.00000     0.00000     0.00000
   142.00000   115.00000    -0.01660     0.15630     0.00000     0.00000     0.00000
   142.00000   116.00000    -0.69160     2.63020     0.00000     0.00000     0.00000
   142.00000   117.00000    -0.55960     2.22840     0.00000     0.00000     0.00000
   142.00000   118.00000    -0.01850     0.10370     0.00000     0.00000     0.00000
   142.00000   144.00000    -0.00200     0.02290     0.00000     0.00000     0.00000
   142.00000   145.00000    -0.07380     0.43800     0.00000     0.00000     0.00000
   142.00000   146.00000     0.00000     0.00010     0.00000     0.00000     0.00000
   143.00000   144.00000    -0.48630     2.32820     0.00000     0.00000     0.00000
   144.00000   145.00000    -0.38350     1.20520     0.00000     0.00000     0.00000
   146.00000   119.00000    -0.27420     1.86110     0.00000     0.00000     0.00000
   146.00000   120.00000    -0.60430     7.35300     0.00000     0.00000     0.00000
   146.00000   122.00000    -0.25890     2.17320     0.00000     0.00000     0.00000
   146.00000   124.00000    -0.17360     2.13470     0.00000     0.00000     0.00000
   146.00000   125.00000    -1.09000     8.61600     0.00000     0.00000     0.00000
   146.00000   130.00000    -0.36080     1.86180     0.00000     0.00000     0.00000
   146.00000   131.00000    -0.00130     0.01570     0.00000     0.00000     0.00000
   146.00000   132.00000    -0.00550     0.08100     0.00000     0.00000     0.00000
   146.00000   133.00000    -1.63600     9.17250     0.00000     0.00000     0.00000
   146.00000   143.00000    -0.00380     0.01870     0.00000     0.00000     0.00000
9999999.0000
     1.00000    60.00000   100.00000     0.00000     0.00000     0.00000     0.05000     0.00000     0.00000     0.00000     0.00000     0.00000     0.00000     0.00000     0.00000     8.00000     5.00000     0.00000     0.00000
     2.00000    67.00000   100.00000     0.00000     0.00000     0.00000     0.05000     0.00000     0.00000     0.00000     0.00000     0.00000     0.00000     0.00000     0.00000     8.00000     5.00000     0.00000     0.00000
     3.00000    79.00000   100.00000     0.00000     0.00000     0.00000     0.05000     0.00000     0.00000     0.00000     0.00000     0.00000     0.00000     0.00000     0.00000     8.00000     5.00000     0.00000     0.00000
     4.00000    80.00000   100.00000     0.00000     0.00000     0.00000     0.05000     0.00000     0.00000     0.00000     0.00000     0.00000     0.00000     0.00000     0.00000     8.00000     5.00000     0.00000     0.00000
     5.00000    82.00000   100.00000     0.00000     0.00000     0.00000     0.05000     0.00000     0.00000     0.00000     0.00000     0.00000     0.00000     0.00000     0.00000     8.00000     5.00000     0.00000     0.00000
     6.00000    89.00000   100.00000     0.00000     0.00000     0.00000     0.05000     0.00000     0.00000     0.00000     0.00000     0.00000     0.00000     0.00000     0.00000     8.00000     5.00000     0.00000     0.00000
     7.00000    90.00000   100.00000     0.00000     0.00000     0.00000     0.05000     0.00000     0.00000     0.00000     0.00000     0.00000     0.00000     0.00000     0.00000     8.00000     5.00000     0.00000     0.00000
     8.00000    91.00000   100.00000     0.00000     0.00000     0.00000     0.05000     0.00000     0.00000     0.00000     0.00000     0.00000     0.00000     0.00000     0.00000     8.00000     5.00000     0.00000     0.00000
     9.00000    93.00000   100.00000     0.00000     0.00000     0.00000     0.05000     0.00000     0.00000     0.00000     0.00000     0.00000     0.00000     0.00000     0.00000     8.00000     5.00000     0.00000     0.00000
    10.00000    94.00000   100.00000     0.00000     0.00000     0.00000     0.05000     0.00000     0.00000     0.00000     0.00000     0.00000     0.00000     0.00000     0.00000     8.00000     5.00000     0.00000     0.00000
    11.00000    95.00000   100.00000     0.00000     0.00000     0.00000     0.05000     0.00000     0.00000     0.00000     0.00000     0.00000     0.00000     0.00000     0.00000     8.00000     5.00000     0.00000     0.00000
    12.00000    96.00000   100.00000     0.00000     0.00000     0.00000     0.05000     0.00000     0.00000     0.00000     0.00000     0.00000     0.00000     0.00000     0.00000     8.00000     5.00000     0.00000     0.00000
    13.00000    97.00000   100.00000     0.00000     0.00000     0.00000     0.05000     0.00000     0.00000     0.00000     0.00000     0.00000     0.00000     0.00000     0.00000     8.00000     5.00000     0.00000     0.00000
    14.00000    98.00000   100.00000     0.00000     0.00000     0.00000     0.05000     0.00000     0.00000     0.00000     0.00000     0.00000     0.00000     0.00000     0.00000     8.00000     5.00000     0.00000     0.00000
    15.00000    99.00000   100.00000     0.00000     0.00000     0.00000     0.05000     0.00000     0.00000     0.00000     0.00000     0.00000     0.00000     0.00000     0.00000     8.00000     5.00000     0.00000     0.00000
    16.00000   100.00000   100.00000     0.00000     0.00000     0.00000     0.05000     0.00000     0.00000     0.00000     0.00000     0.00000     0.00000     0.00000     0.00000     8.00000     5.00000     0.00000     0.00000
    17.00000   101.00000   100.00000     0.00000     0.00000     0.00000     0.05000     0.00000     0.00000     0.00000     0.00000     0.00000     0.00000     0.00000     0.00000     8.00000     5.00000     0.00000     0.00000
    18.00000   102.00000   100.00000     0.00000     0.00000     0.00000     0.05000     0.00000     0.00000     0.00000     0.00000     0.00000     0.00000     0.00000     0.00000     8.00000     5.00000     0.00000     0.00000
    19.00000   103.00000   100.00000     0.00000     0.00000     0.00000     0.05000     0.00000     0.00000     0.00000     0.00000     0.00000     0.00000     0.00000     0.00000     8.00000     5.00000     0.00000     0.00000
    20.00000   104.00000   100.00000     0.00000     0.00000     0.00000     0.05000     0.00000     0.00000     0.00000     0.00000     0.00000     0.00000     0.00000     0.00000     8.00000     5.00000     0.00000     0.00000
    21.00000   105.00000   100.00000     0.00000     0.00000     0.00000     0.05000     0.00000     0.00000     0.00000     0.00000     0.00000     0.00000     0.00000     0.00000     8.00000     5.00000     0.00000     0.00000
    22.00000   106.00000   100.00000     0.00000     0.00000     0.00000     0.05000     0.00000     0.00000     0.00000     0.00000     0.00000     0.00000     0.00000     0.00000     8.00000     5.00000     0.00000     0.00000
    23.00000   108.00000   100.00000     0.00000     0.00000     0.00000     0.05000     0.00000     0.00000     0.00000     0.00000     0.00000     0.00000     0.00000     0.00000     8.00000     5.00000     0.00000     0.00000
    24.00000   109.00000   100.00000     0.00000     0.00000     0.00000     0.05000     0.00000     0.00000     0.00000     0.00000     0.00000     0.00000     0.00000     0.00000     8.00000     5.00000     0.00000     0.00000
    25.00000   110.00000   100.00000     0.00000     0.00000     0.00000     0.05000     0.00000     0.00000     0.00000     0.00000     0.00000     0.00000     0.00000     0.00000     8.00000     5.00000     0.00000     0.00000
    26.00000   111.00000   100.00000     0.00000     0.00000     0.00000     0.05000     0.00000     0.00000     0.00000     0.00000     0.00000     0.00000     0.00000     0.00000     8.00000     5.00000     0.00000     0.00000
    27.00000   112.00000   100.00000     0.00000     0.00000     0.00000     0.05000     0.00000     0.00000     0.00000     0.00000     0.00000     0.00000     0.00000     0.00000     8.00000     5.00000     0.00000     0.00000
    28.00000   115.00000   100.00000     0.00000     0.00000     0.00000     0.05000     0.00000     0.00000     0.00000     0.00000     0.00000     0.00000     0.00000     0.00000     8.00000     5.00000     0.00000     0.00000
    29.00000   116.00000   100.00000     0.00000     0.00000     0.00000     0.05000     0.00000     0.00000     0.00000     0.00000     0.00000     0.00000     0.00000     0.00000     8.00000     5.00000     0.00000     0.00000
    30.00000   117.00000   100.00000     0.00000     0.00000     0.00000     0.05000     0.00000     0.00000     0.00000     0.00000     0.00000     0.00000     0.00000     0.00000     8.00000     5.00000     0.00000     0.00000
    31.00000   118.00000   100.00000     0.00000     0.00000     0.00000     0.05000     0.00000     0.00000     0.00000     0.00000     0.00000     0.00000     0.00000     0.00000     8.00000     5.00000     0.00000     0.00000
    32.00000   119.00000   100.00000     0.00000     0.00000     0.00000     0.05000     0.00000     0.00000     0.00000     0.00000     0.00000     0.00000     0.00000     0.00000     8.00000     5.00000     0.00000     0.00000
    33.00000   121.00000   100.00000     0.00000     0.00000     0.00000     0.05000     0.00000     0.00000     0.00000     0.00000     0.00000     0.00000     0.00000     0.00000     8.00000     5.00000     0.00000     0.00000
    34.00000   122.00000   100.00000     0.00000     0.00000     0.00000     0.05000     0.00000     0.00000     0.00000     0.00000     0.00000     0.00000     0.00000     0.00000     8.00000     5.00000     0.00000     0.00000
    35.00000   124.00000   100.00000     0.00000     0.00000     0.00000     0.05000     0.00000     0.00000     0.00000     0.00000     0.00000     0.00000     0.00000     0.00000     8.00000     5.00000     0.00000     0.00000
    36.00000   128.00000   100.00000     0.00000     0.00000     0.00000     0.05000     0.00000     0.00000     0.00000     0.00000     0.00000     0.00000     0.00000     0.00000     8.00000     5.00000     0.00000     0.00000
    37.00000   130.00000   100.00000     0.00000     0.00000     0.00000     0.05000     0.00000     0.00000     0.00000     0.00000     0.00000     0.00000     0.00000     0.00000     8.00000     5.00000     0.00000     0.00000
    38.00000   131.00000   100.00000     0.00000     0.00000     0.00000     0.05000     0.00000     0.00000     0.00000     0.00000     0.00000     0.00000     0.00000     0.00000     8.00000     5.00000     0.00000     0.00000
    39.00000   132.00000   100.00000     0.00000     0.00000     0.00000     0.05000     0.00000     0.00000     0.00000     0.00000     0.00000     0.00000     0.00000     0.00000     8.00000     5.00000     0.00000     0.00000
    40.00000   134.00000   100.00000     0.00000     0.00000     0.00000     0.05000     0.00000     0.00000     0.00000     0.00000     0.00000     0.00000     0.00000     0.00000     8.00000     5.00000     0.00000     0.00000
    41.00000   135.00000   100.00000     0.00000     0.00000     0.00000     0.05000     0.00000     0.00000     0.00000     0.00000     0.00000     0.00000     0.00000     0.00000     8.00000     5.00000     0.00000     0.00000
    42.00000   136.00000   100.00000     0.00000     0.00000     0.00000     0.05000     0.00000     0.00000     0.00000     0.00000     0.00000     0.00000     0.00000     0.00000     8.00000     5.00000     0.00000     0.00000
    43.00000   137.00000   100.00000     0.00000     0.00000     0.00000     0.05000     0.00000     0.00000     0.00000     0.00000     0.00000     0.00000     0.00000     0.00000     8.00000     5.00000     0.00000     0.00000
    44.00000   139.00000   100.00000     0.00000     0.00000     0.00000     0.05000     0.00000     0.00000     0.00000     0.00000     0.00000     0.00000     0.00000     0.00000     8.00000     5.00000     0.00000     0.00000
    45.00000   140.00000   100.00000     0.00000     0.00000     0.00000     0.05000     0.00000     0.00000     0.00000     0.00000     0.00000     0.00000     0.00000     0.00000     8.00000     5.00000     0.00000     0.00000
    46.00000   141.00000   100.00000     0.00000     0.00000     0.00000     0.05000     0.00000     0.00000     0.00000     0.00000     0.00000     0.00000     0.00000     0.00000     8.00000     5.00000     0.00000     0.00000
    47.00000   142.00000   100.00000     0.00000     0.00000     0.00000     0.05000     0.00000     0.00000     0.00000     0.00000     0.00000     0.00000     0.00000     0.00000     8.00000     5.00000     0.00000     0.00000
    48.00000   143.00000   100.00000     0.00000     0.00000     0.00000     0.05000     0.00000     0.00000     0.00000     0.00000     0.00000     0.00000     0.00000     0.00000     8.00000     5.00000     0.00000     0.00000
    49.00000   144.00000   100.00000     0.00000     0.00000     0.00000     0.05000     0.00000     0.00000     0.00000     0.00000     0.00000     0.00000     0.00000     0.00000     8.00000     5.00000     0.00000     0.00000
    50.00000   145.00000   100.00000     0.00000     0.00000     0.00000     0.05000     0.00000     0.00000     0.00000     0.00000     0.00000     0.00000     0.00000     0.00000     8.00000     5.00000     0.00000     0.00000
9999999.0000
     0.00000     0.00000     0.00000     0.00000     0.00000     0.00000     0.00500
     0.03000     6.00000     7.00000     0.00000     0.00000     0.00000     0.00500
     0.06000     0.00000     0.00000     0.00000     0.00000     0.00000     0.00500
     10.00000     0.00000     0.00000     0.00000     0.00000     0.00000     0.00000
9999999.0000
