     1.00000     1.04000     0.00000     0.67000     0.70108     0.00000     0.00000     0.00000     0.00000     1.00000
     2.00000     1.02533    10.03009     1.63000     0.60287     0.00000     0.00000     0.00000     0.00000     2.00000
     3.00000     1.02536     5.21579     0.85000     0.42023     0.00000     0.00000     0.00000     0.00000     2.00000
     4.00000     1.00186    -2.12265     0.00000     0.00000     0.00000     0.00000     0.00000     0.00000     3.00000
     5.00000     0.98163    -3.65383     0.00000     0.00000     0.90000     0.30000     0.00000     0.00000     3.00000
     6.00000     1.00252     2.43838     0.00000     0.00000     0.00000     0.00000     0.00000     0.00000     3.00000
     7.00000     0.98127     1.05485     0.00000     0.00000     1.00000     0.35000     0.00000     0.00000     3.00000
     8.00000     0.99356     4.29081     0.00000     0.00000     0.00000     0.00000     0.00000     0.00000     3.00000
     9.00000     0.96619    -4.05683     0.00000     0.00000     1.25000     0.50000     0.00000     0.00000     3.00000
    10.00000     1.04000     0.00000     0.67000     0.70108     0.00000     0.00000     0.00000     0.00000     1.00000
    11.00000     1.02533    10.03009     1.63000     0.60287     0.00000     0.00000     0.00000     0.00000     2.00000
    12.00000     1.02536     5.21579     0.85000     0.42023     0.00000     0.00000     0.00000     0.00000     2.00000
    13.00000     1.00186    -2.12265     0.00000     0.00000     0.00000     0.00000     0.00000     0.00000     3.00000
    14.00000     0.98163    -3.65383     0.00000     0.00000     0.90000     0.30000     0.00000     0.00000     3.00000
    15.00000     1.00252     2.43838     0.00000     0.00000     0.00000     0.00000     0.00000     0.00000     3.00000
    16.00000     0.98127     1.05485     0.00000     0.00000     1.00000     0.35000     0.00000     0.00000     3.00000
    17.00000     0.99356     4.29081     0.00000     0.00000     0.00000     0.00000     0.00000     0.00000     3.00000
    18.00000     0.96619    -4.05683     0.00000     0.00000     1.25000     0.50000     0.00000     0.00000     3.00000
    19.00000     1.04000     0.00000     0.67000     0.70108     0.00000     0.00000     0.00000     0.00000     1.00000
    20.00000     1.02533    10.03009     1.63000     0.60287     0.00000     0.00000     0.00000     0.00000     2.00000
    21.00000     1.02536     5.21579     0.85000     0.42023     0.00000     0.00000     0.00000     0.00000     2.00000
    22.00000     1.00186    -2.12265     0.00000     0.00000     0.00000     0.00000     0.00000     0.00000     3.00000
    23.00000     0.98163    -3.65383     0.00000     0.00000     0.90000     0.30000     0.00000     0.00000     3.00000
    24.00000     1.00252     2.43838     0.00000     0.00000     0.00000     0.00000     0.00000     0.00000     3.00000
    25.00000     0.98127     1.05485     0.00000     0.00000     1.00000     0.35000     0.00000     0.00000     3.00000
    26.00000     0.99356     4.29081     0.00000     0.00000     0.00000     0.00000     0.00000     0.00000     3.00000
    27.00000     0.96619    -4.05683     0.00000     0.00000     1.25000     0.50000     0.00000     0.00000     3.00000
    28.00000     1.04000     0.00000     0.67000     0.70108     0.00000     0.00000     0.00000     0.00000     1.00000
    29.00000     1.02533    10.03009     1.63000     0.60287     0.00000     0.00000     0.00000     0.00000     2.00000
    30.00000     1.02536     5.21579     0.85000     0.42023     0.00000     0.00000     0.00000     0.00000     2.00000
    31.00000     1.00186    -2.12265     0.00000     0.00000     0.00000     0.00000     0.00000     0.00000     3.00000
    32.00000     0.98163    -3.65383     0.00000     0.00000     0.90000     0.30000     0.00000     0.00000     3.00000
    33.00000     1.00252     2.43838     0.00000     0.00000     0.00000     0.00000     0.00000     0.00000     3.00000
    34.00000     0.98127     1.05485     0.00000     0.00000     1.00000     0.35000     0.00000     0.00000     3.00000
    35.00000     0.99356     4.29081     0.00000     0.00000     0.00000     0.00000     0.00000     0.00000     3.00000
    36.00000     0.96619    -4.05683     0.00000     0.00000     1.25000     0.50000     0.00000     0.00000     3.00000
9999999.0000
     1.00000     4.00000     0.00000     0.05760     0.00000     0.00000     0.00000
     2.00000     8.00000     0.00000     0.06250     0.00000     0.00000     0.00000
     3.00000     6.00000     0.00000     0.05860     0.00000     0.00000     0.00000
     4.00000     5.00000     0.00000     0.09200     0.00000     0.00000     0.00000
     4.00000     9.00000     0.00000     0.08500     0.00000     0.00000     0.00000
     5.00000     6.00000     0.00000     0.17000     0.00000     1.00000     0.00000
     6.00000     7.00000     0.00000     0.10080     0.00000     1.00000     0.00000
     7.00000     8.00000     0.00000     0.07200     0.00000     1.00000     0.00000
     8.00000     9.00000     0.00000     0.16100     0.00000     1.00000     0.00000
     9.00000    10.00000     0.00000     0.05760     0.00000     0.00000     0.00000
    10.00000    13.00000     0.00000     0.05760     0.00000     0.00000     0.00000
    11.00000    17.00000     0.00000     0.06250     0.00000     0.00000     0.00000
    12.00000    15.00000     0.00000     0.05860     0.00000     0.00000     0.00000
    13.00000    14.00000     0.00000     0.09200     0.00000     0.00000     0.00000
    13.00000    18.00000     0.00000     0.08500     0.00000     0.00000     0.00000
    14.00000    15.00000     0.00000     0.17000     0.00000     1.00000     0.00000
    15.00000    16.00000     0.00000     0.10080     0.00000     1.00000     0.00000
    16.00000    17.00000     0.00000     0.07200     0.00000     1.00000     0.00000
    17.00000    18.00000     0.00000     0.16100     0.00000     1.00000     0.00000
    18.00000    19.00000     0.00000     0.05760     0.00000     0.00000     0.00000
    19.00000    22.00000     0.00000     0.05760     0.00000     0.00000     0.00000
    20.00000    26.00000     0.00000     0.06250     0.00000     0.00000     0.00000
    21.00000    24.00000     0.00000     0.05860     0.00000     0.00000     0.00000
    22.00000    23.00000     0.00000     0.09200     0.00000     0.00000     0.00000
    22.00000    27.00000     0.00000     0.08500     0.00000     0.00000     0.00000
    23.00000    24.00000     0.00000     0.17000     0.00000     1.00000     0.00000
    24.00000    25.00000     0.00000     0.10080     0.00000     1.00000     0.00000
    25.00000    26.00000     0.00000     0.07200     0.00000     1.00000     0.00000
    26.00000    27.00000     0.00000     0.16100     0.00000     1.00000     0.00000
    28.00000    31.00000     0.00000     0.05760     0.00000     0.00000     0.00000
    29.00000    35.00000     0.00000     0.06250     0.00000     0.00000     0.00000
    30.00000    33.00000     0.00000     0.05860     0.00000     0.00000     0.00000
    31.00000    32.00000     0.00000     0.09200     0.00000     0.00000     0.00000
    31.00000    36.00000     0.00000     0.08500     0.00000     0.00000     0.00000
    32.00000    33.00000     0.00000     0.17000     0.00000     1.00000     0.00000
    33.00000    34.00000     0.00000     0.10080     0.00000     1.00000     0.00000
    34.00000    35.00000     0.00000     0.07200     0.00000     1.00000     0.00000
    35.00000    36.00000     0.00000     0.16100     0.00000     1.00000     0.00000
9999999.0000
     1.00000     1.00000   100.00000     0.00000     0.00000     0.00000     0.06080     0.00000     0.00000     0.00000     0.00000     0.00000     0.00000     0.00000     0.00000    13.64000     9.60000     0.00000     1.00000
     2.00000     2.00000   100.00000     0.00000     0.00000     0.00000     0.11980     0.00000     0.00000     0.00000     0.00000     0.00000     0.00000     0.00000     0.00000     6.40000     2.50000     0.00000     2.00000
     3.00000     3.00000   100.00000     0.00000     0.00000     0.00000     0.18130     0.00000     0.00000     0.00000     0.00000     0.00000     0.00000     0.00000     0.00000     3.01000     1.00000     0.00000     3.00000
     4.00000    10.00000   100.00000     0.00000     0.00000     0.00000     0.06080     0.00000     0.00000     0.00000     0.00000     0.00000     0.00000     0.00000     0.00000    13.64000     9.60000     0.00000     1.00000
     5.00000    11.00000   100.00000     0.00000     0.00000     0.00000     0.11980     0.00000     0.00000     0.00000     0.00000     0.00000     0.00000     0.00000     0.00000     6.40000     2.50000     0.00000     2.00000
     6.00000    12.00000   100.00000     0.00000     0.00000     0.00000     0.18130     0.00000     0.00000     0.00000     0.00000     0.00000     0.00000     0.00000     0.00000     3.01000     1.00000     0.00000     3.00000
     7.00000    19.00000   100.00000     0.00000     0.00000     0.00000     0.06080     0.00000     0.00000     0.00000     0.00000     0.00000     0.00000     0.00000     0.00000    13.64000     9.60000     0.00000     1.00000
     8.00000    20.00000   100.00000     0.00000     0.00000     0.00000     0.11980     0.00000     0.00000     0.00000     0.00000     0.00000     0.00000     0.00000     0.00000     6.40000     2.50000     0.00000     2.00000
     9.00000    21.00000   100.00000     0.00000     0.00000     0.00000     0.18130     0.00000     0.00000     0.00000     0.00000     0.00000     0.00000     0.00000     0.00000     3.01000     1.00000     0.00000     3.00000
    10.00000    28.00000   100.00000     0.00000     0.00000     0.00000     0.06080     0.00000     0.00000     0.00000     0.00000     0.00000     0.00000     0.00000     0.00000    13.64000     9.60000     0.00000     1.00000
    11.00000    29.00000   100.00000     0.00000     0.00000     0.00000     0.11980     0.00000     0.00000     0.00000     0.00000     0.00000     0.00000     0.00000     0.00000     6.40000     2.50000     0.00000     2.00000
    12.00000    30.00000   100.00000     0.00000     0.00000     0.00000     0.18130     0.00000     0.00000     0.00000     0.00000     0.00000     0.00000     0.00000     0.00000     3.01000     1.00000     0.00000     3.00000
9999999.0000
     0.00000     0.00000     0.00000     0.00000     0.00000     0.00000     0.00500
     1.00000     6.00000     7.00000     0.00000     0.00000     0.00000     0.00500
     1.10000     4.00000     5.00000     0.00000     0.00000     0.00000     0.00500
     1.20000     5.00000     6.00000     0.00000     0.00000     0.00000     0.00500
     1.30000     6.00000     7.00000     0.00000     0.00000     0.00000     0.00500
     1.40000     4.00000     5.00000     0.00000     0.00000     0.00000     0.00500
     1.50000     5.00000     6.00000     0.00000     0.00000     0.00000     0.00500
     1.60000     6.00000     7.00000     0.00000     0.00000     0.00000     0.00500
     1.70000     4.00000     5.00000     0.00000     0.00000     0.00000     0.00500
     1.80000     5.00000     6.00000     0.00000     0.00000     0.00000     0.00500
     1.90000     6.00000     7.00000     0.00000     0.00000     0.00000     0.00500
     2.00000     4.00000     5.00000     0.00000     0.00000     0.00000     0.00500
     2.10000     5.00000     6.00000     0.00000     0.00000     0.00000     0.00500
     2.20000     6.00000     7.00000     0.00000     0.00000     0.00000     0.00500
     2.30000     4.00000     5.00000     0.00000     0.00000     0.00000     0.00500
     2.40000     5.00000     6.00000     0.00000     0.00000     0.00000     0.00500
     2.50000     6.00000     7.00000     0.00000     0.00000     0.00000     0.00500
     2.60000     4.00000     5.00000     0.00000     0.00000     0.00000     0.00500
     2.70000     5.00000     6.00000     0.00000     0.00000     0.00000     0.00500
     2.80000     6.00000     7.00000     0.00000     0.00000     0.00000     0.00500
     2.90000     4.00000     5.00000     0.00000     0.00000     0.00000     0.00500
     3.00000     5.00000     6.00000     0.00000     0.00000     0.00000     0.00500
     3.10000     6.00000     7.00000     0.00000     0.00000     0.00000     0.00500
     3.20000     4.00000     5.00000     0.00000     0.00000     0.00000     0.00500
     3.30000     5.00000     6.00000     0.00000     0.00000     0.00000     0.00500
     3.40000     6.00000     7.00000     0.00000     0.00000     0.00000     0.00500
     3.50000     4.00000     5.00000     0.00000     0.00000     0.00000     0.00500
     3.60000     5.00000     6.00000     0.00000     0.00000     0.00000     0.00500
     3.70000     6.00000     7.00000     0.00000     0.00000     0.00000     0.00500
     3.80000     4.00000     5.00000     0.00000     0.00000     0.00000     0.00500
     3.90000     5.00000     6.00000     0.00000     0.00000     0.00000     0.00500
     4.00000     6.00000     7.00000     0.00000     0.00000     0.00000     0.00500
     4.10000     4.00000     5.00000     0.00000     0.00000     0.00000     0.00500
     4.20000     5.00000     6.00000     0.00000     0.00000     0.00000     0.00500
     4.30000     6.00000     7.00000     0.00000     0.00000     0.00000     0.00500
     4.40000     4.00000     5.00000     0.00000     0.00000     0.00000     0.00500
     4.50000     5.00000     6.00000     0.00000     0.00000     0.00000     0.00500
     4.60000     6.00000     7.00000     0.00000     0.00000     0.00000     0.00500
     4.70000     4.00000     5.00000     0.00000     0.00000     0.00000     0.00500
     4.80000     5.00000     6.00000     0.00000     0.00000     0.00000     0.00500
     4.90000     6.00000     7.00000     0.00000     0.00000     0.00000     0.00500
     5.00000     4.00000     5.00000     0.00000     0.00000     0.00000     0.00500
     5.10000     5.00000     6.00000     0.00000     0.00000     0.00000     0.00500
     5.20000     6.00000     7.00000     0.00000     0.00000     0.00000     0.00500
     5.30000     4.00000     5.00000     0.00000     0.00000     0.00000     0.00500
     5.40000     5.00000     6.00000     0.00000     0.00000     0.00000     0.00500
     5.50000     6.00000     7.00000     0.00000     0.00000     0.00000     0.00500
     5.60000     4.00000     5.00000     0.00000     0.00000     0.00000     0.00500
     5.70000     5.00000     6.00000     0.00000     0.00000     0.00000     0.00500
     5.80000     6.00000     7.00000     0.00000     0.00000     0.00000     0.00500
     5.90000     4.00000     5.00000     0.00000     0.00000     0.00000     0.00500
     6.00000     5.00000     6.00000     0.00000     0.00000     0.00000     0.00500
     6.10000     5.00000     6.00000     0.00000     0.00000     0.00000     0.00500
     6.20000     6.00000     7.00000     0.00000     0.00000     0.00000     0.00500
     6.30000     4.00000     5.00000     0.00000     0.00000     0.00000     0.00500
     6.40000     5.00000     6.00000     0.00000     0.00000     0.00000     0.00500
     6.50000     6.00000     7.00000     0.00000     0.00000     0.00000     0.00500
     6.60000     4.00000     5.00000     0.00000     0.00000     0.00000     0.00500
     6.70000     5.00000     6.00000     0.00000     0.00000     0.00000     0.00500
     6.80000     6.00000     7.00000     0.00000     0.00000     0.00000     0.00500
     6.90000     4.00000     5.00000     0.00000     0.00000     0.00000     0.00500
     7.00000     5.00000     6.00000     0.00000     0.00000     0.00000     0.00500
     7.10000     5.00000     6.00000     0.00000     0.00000     0.00000     0.00500
     7.20000     6.00000     7.00000     0.00000     0.00000     0.00000     0.00500
     7.30000     4.00000     5.00000     0.00000     0.00000     0.00000     0.00500
     7.40000     5.00000     6.00000     0.00000     0.00000     0.00000     0.00500
     7.50000     6.00000     7.00000     0.00000     0.00000     0.00000     0.00500
     7.60000     4.00000     5.00000     0.00000     0.00000     0.00000     0.00500
     7.70000     5.00000     6.00000     0.00000     0.00000     0.00000     0.00500
     7.80000     6.00000     7.00000     0.00000     0.00000     0.00000     0.00500
     7.90000     4.00000     5.00000     0.00000     0.00000     0.00000     0.00500
     8.00000     5.00000     6.00000     0.00000     0.00000     0.00000     0.00500
     8.10000     5.00000     6.00000     0.00000     0.00000     0.00000     0.00500
     8.20000     6.00000     7.00000     0.00000     0.00000     0.00000     0.00500
     8.30000     4.00000     5.00000     0.00000     0.00000     0.00000     0.00500
     8.40000     5.00000     6.00000     0.00000     0.00000     0.00000     0.00500
     8.50000     6.00000     7.00000     0.00000     0.00000     0.00000     0.00500
     8.60000     4.00000     5.00000     0.00000     0.00000     0.00000     0.00500
     8.70000     5.00000     6.00000     0.00000     0.00000     0.00000     0.00500
     8.80000     6.00000     7.00000     0.00000     0.00000     0.00000     0.00500
     8.90000     4.00000     5.00000     0.00000     0.00000     0.00000     0.00500
     9.00000     5.00000     6.00000     0.00000     0.00000     0.00000     0.00500
     5.01000     5.00000     6.00000     0.00000     0.00000     0.00000     0.00500
     5.02000     6.00000     7.00000     0.00000     0.00000     0.00000     0.00500
     5.03000     4.00000     5.00000     0.00000     0.00000     0.00000     0.00500
     5.04000     5.00000     6.00000     0.00000     0.00000     0.00000     0.00500
     5.05000     6.00000     7.00000     0.00000     0.00000     0.00000     0.00500
     5.06000     4.00000     5.00000     0.00000     0.00000     0.00000     0.00500
     5.07000     5.00000     6.00000     0.00000     0.00000     0.00000     0.00500
     5.08000     6.00000     7.00000     0.00000     0.00000     0.00000     0.00500
     5.09000     4.00000     5.00000     0.00000     0.00000     0.00000     0.00500
     6.00500     5.00000     6.00000     0.00000     0.00000     0.00000     0.00500
     6.01000     5.00000     6.00000     0.00000     0.00000     0.00000     0.00500
     6.02000     6.00000     7.00000     0.00000     0.00000     0.00000     0.00500
     6.03000     4.00000     5.00000     0.00000     0.00000     0.00000     0.00500
     6.04000     5.00000     6.00000     0.00000     0.00000     0.00000     0.00500
     6.05000     6.00000     7.00000     0.00000     0.00000     0.00000     0.00500
     6.06000     4.00000     5.00000     0.00000     0.00000     0.00000     0.00500
     6.07000     5.00000     6.00000     0.00000     0.00000     0.00000     0.00500
     6.08000     6.00000     7.00000     0.00000     0.00000     0.00000     0.00500
     6.09000     4.00000     5.00000     0.00000     0.00000     0.00000     0.00500
     7.00500     5.00000     6.00000     0.00000     0.00000     0.00000     0.00500
     7.01000     5.00000     6.00000     0.00000     0.00000     0.00000     0.00500
     7.02000     6.00000     7.00000     0.00000     0.00000     0.00000     0.00500
     7.03000     4.00000     5.00000     0.00000     0.00000     0.00000     0.00500
     7.04000     5.00000     6.00000     0.00000     0.00000     0.00000     0.00500
     7.05000     6.00000     7.00000     0.00000     0.00000     0.00000     0.00500
     7.06000     4.00000     5.00000     0.00000     0.00000     0.00000     0.00500
     7.07000     5.00000     6.00000     0.00000     0.00000     0.00000     0.00500
     7.08000     6.00000     7.00000     0.00000     0.00000     0.00000     0.00500
     7.09000     4.00000     5.00000     0.00000     0.00000     0.00000     0.00500
     8.00500     5.00000     6.00000     0.00000     0.00000     0.00000     0.00500
     1.01000     6.00000     7.00000     0.00000     0.00000     0.00000     0.00500
     2.01000     4.00000     5.00000     0.00000     0.00000     0.00000     0.00500
     3.01000     5.00000     6.00000     0.00000     0.00000     0.00000     0.00500
     1.01000     6.00000     7.00000     0.00000     0.00000     0.00000     0.00500
     2.00500     4.00000     5.00000     0.00000     0.00000     0.00000     0.00500
     3.00500     5.00000     6.00000     0.00000     0.00000     0.00000     0.00500
     1.00500     6.00000     7.00000     0.00000     0.00000     0.00000     0.00500
     2.00500     4.00000     5.00000     0.00000     0.00000     0.00000     0.00500
     3.00500     5.00000     6.00000     0.00000     0.00000     0.00000     0.00500
     1.02000     6.00000     7.00000     0.00000     0.00000     0.00000     0.00500
     2.02000     4.00000     5.00000     0.00000     0.00000     0.00000     0.00500
     3.02000     5.00000     6.00000     0.00000     0.00000     0.00000     0.00500
     1.03000     6.00000     7.00000     0.00000     0.00000     0.00000     0.00500
     2.03000     4.00000     5.00000     0.00000     0.00000     0.00000     0.00500
     3.03000     5.00000     6.00000     0.00000     0.00000     0.00000     0.00500
     1.04000     6.00000     7.00000     0.00000     0.00000     0.00000     0.00500
     2.04000     4.00000     5.00000     0.00000     0.00000     0.00000     0.00500
     3.04000     5.00000     6.00000     0.00000     0.00000     0.00000     0.00500
     1.05000     6.00000     7.00000     0.00000     0.00000     0.00000     0.00500
     2.05000     4.00000     5.00000     0.00000     0.00000     0.00000     0.00500
     3.05000     5.00000     6.00000     0.00000     0.00000     0.00000     0.00500
     1.06000     6.00000     7.00000     0.00000     0.00000     0.00000     0.00500
     2.06000     4.00000     5.00000     0.00000     0.00000     0.00000     0.00500
     3.06000     5.00000     6.00000     0.00000     0.00000     0.00000     0.00500
     1.07000     6.00000     7.00000     0.00000     0.00000     0.00000     0.00500
     2.07000     4.00000     5.00000     0.00000     0.00000     0.00000     0.00500
     3.07000     5.00000     6.00000     0.00000     0.00000     0.00000     0.00500
     1.08000     6.00000     7.00000     0.00000     0.00000     0.00000     0.00500
     2.08000     4.00000     5.00000     0.00000     0.00000     0.00000     0.00500
     3.08000     5.00000     6.00000     0.00000     0.00000     0.00000     0.00500
     1.09000     6.00000     7.00000     0.00000     0.00000     0.00000     0.00500
     2.09000     4.00000     5.00000     0.00000     0.00000     0.00000     0.00500
     3.09000     5.00000     6.00000     0.00000     0.00000     0.00000     0.00500
     1.00000     6.00000     7.00000     0.00000     0.00000     0.00000     0.00500
     1.10000     4.00000     5.00000     0.00000     0.00000     0.00000     0.00500
     1.20000     5.00000     6.00000     0.00000     0.00000     0.00000     0.00500
     1.30000     6.00000     7.00000     0.00000     0.00000     0.00000     0.00500
     1.40000     4.00000     5.00000     0.00000     0.00000     0.00000     0.00500
     1.50000     5.00000     6.00000     0.00000     0.00000     0.00000     0.00500
     1.60000     6.00000     7.00000     0.00000     0.00000     0.00000     0.00500
     1.70000     4.00000     5.00000     0.00000     0.00000     0.00000     0.00500
     1.80000     5.00000     6.00000     0.00000     0.00000     0.00000     0.00500
     1.90000     6.00000     7.00000     0.00000     0.00000     0.00000     0.00500
     2.00000     4.00000     5.00000     0.00000     0.00000     0.00000     0.00500
     2.10000     5.00000     6.00000     0.00000     0.00000     0.00000     0.00500
     2.20000     6.00000     7.00000     0.00000     0.00000     0.00000     0.00500
     2.30000     4.00000     5.00000     0.00000     0.00000     0.00000     0.00500
     2.40000     5.00000     6.00000     0.00000     0.00000     0.00000     0.00500
     2.50000     6.00000     7.00000     0.00000     0.00000     0.00000     0.00500
     2.60000     4.00000     5.00000     0.00000     0.00000     0.00000     0.00500
     2.70000     5.00000     6.00000     0.00000     0.00000     0.00000     0.00500
     2.80000     6.00000     7.00000     0.00000     0.00000     0.00000     0.00500
     2.90000     4.00000     5.00000     0.00000     0.00000     0.00000     0.00500
     3.00000     5.00000     6.00000     0.00000     0.00000     0.00000     0.00500
     3.10000     6.00000     7.00000     0.00000     0.00000     0.00000     0.00500
     3.20000     4.00000     5.00000     0.00000     0.00000     0.00000     0.00500
     3.30000     5.00000     6.00000     0.00000     0.00000     0.00000     0.00500
     3.40000     6.00000     7.00000     0.00000     0.00000     0.00000     0.00500
     3.50000     4.00000     5.00000     0.00000     0.00000     0.00000     0.00500
     3.60000     5.00000     6.00000     0.00000     0.00000     0.00000     0.00500
     3.70000     6.00000     7.00000     0.00000     0.00000     0.00000     0.00500
     3.80000     4.00000     5.00000     0.00000     0.00000     0.00000     0.00500
     3.90000     5.00000     6.00000     0.00000     0.00000     0.00000     0.00500
     4.00000     6.00000     7.00000     0.00000     0.00000     0.00000     0.00500
     4.10000     4.00000     5.00000     0.00000     0.00000     0.00000     0.00500
     4.20000     5.00000     6.00000     0.00000     0.00000     0.00000     0.00500
     4.30000     6.00000     7.00000     0.00000     0.00000     0.00000     0.00500
     4.40000     4.00000     5.00000     0.00000     0.00000     0.00000     0.00500
     4.50000     5.00000     6.00000     0.00000     0.00000     0.00000     0.00500
     4.60000     6.00000     7.00000     0.00000     0.00000     0.00000     0.00500
     4.70000     4.00000     5.00000     0.00000     0.00000     0.00000     0.00500
     4.80000     5.00000     6.00000     0.00000     0.00000     0.00000     0.00500
     4.90000     6.00000     7.00000     0.00000     0.00000     0.00000     0.00500
     5.00000     4.00000     5.00000     0.00000     0.00000     0.00000     0.00500
     5.10000     5.00000     6.00000     0.00000     0.00000     0.00000     0.00500
     5.20000     6.00000     7.00000     0.00000     0.00000     0.00000     0.00500
     5.30000     4.00000     5.00000     0.00000     0.00000     0.00000     0.00500
     5.40000     5.00000     6.00000     0.00000     0.00000     0.00000     0.00500
     5.50000     6.00000     7.00000     0.00000     0.00000     0.00000     0.00500
     5.60000     4.00000     5.00000     0.00000     0.00000     0.00000     0.00500
     5.70000     5.00000     6.00000     0.00000     0.00000     0.00000     0.00500
     5.80000     6.00000     7.00000     0.00000     0.00000     0.00000     0.00500
     5.90000     4.00000     5.00000     0.00000     0.00000     0.00000     0.00500
     6.00000     5.00000     6.00000     0.00000     0.00000     0.00000     0.00500
     6.10000     5.00000     6.00000     0.00000     0.00000     0.00000     0.00500
     6.20000     6.00000     7.00000     0.00000     0.00000     0.00000     0.00500
     6.30000     4.00000     5.00000     0.00000     0.00000     0.00000     0.00500
     6.40000     5.00000     6.00000     0.00000     0.00000     0.00000     0.00500
     6.50000     6.00000     7.00000     0.00000     0.00000     0.00000     0.00500
     6.60000     4.00000     5.00000     0.00000     0.00000     0.00000     0.00500
     6.70000     5.00000     6.00000     0.00000     0.00000     0.00000     0.00500
     6.80000     6.00000     7.00000     0.00000     0.00000     0.00000     0.00500
     6.90000     4.00000     5.00000     0.00000     0.00000     0.00000     0.00500
     7.00000     5.00000     6.00000     0.00000     0.00000     0.00000     0.00500
     7.10000     5.00000     6.00000     0.00000     0.00000     0.00000     0.00500
     7.20000     6.00000     7.00000     0.00000     0.00000     0.00000     0.00500
     7.30000     4.00000     5.00000     0.00000     0.00000     0.00000     0.00500
     7.40000     5.00000     6.00000     0.00000     0.00000     0.00000     0.00500
     7.50000     6.00000     7.00000     0.00000     0.00000     0.00000     0.00500
     7.60000     4.00000     5.00000     0.00000     0.00000     0.00000     0.00500
     7.70000     5.00000     6.00000     0.00000     0.00000     0.00000     0.00500
     7.80000     6.00000     7.00000     0.00000     0.00000     0.00000     0.00500
     7.90000     4.00000     5.00000     0.00000     0.00000     0.00000     0.00500
     8.00000     5.00000     6.00000     0.00000     0.00000     0.00000     0.00500
     8.10000     5.00000     6.00000     0.00000     0.00000     0.00000     0.00500
     8.20000     6.00000     7.00000     0.00000     0.00000     0.00000     0.00500
     8.30000     4.00000     5.00000     0.00000     0.00000     0.00000     0.00500
     8.40000     5.00000     6.00000     0.00000     0.00000     0.00000     0.00500
     8.50000     6.00000     7.00000     0.00000     0.00000     0.00000     0.00500
     8.60000     4.00000     5.00000     0.00000     0.00000     0.00000     0.00500
     8.70000     5.00000     6.00000     0.00000     0.00000     0.00000     0.00500
     8.80000     6.00000     7.00000     0.00000     0.00000     0.00000     0.00500
     8.90000     4.00000     5.00000     0.00000     0.00000     0.00000     0.00500
     9.00000     5.00000     6.00000     0.00000     0.00000     0.00000     0.00500
     5.01000     5.00000     6.00000     0.00000     0.00000     0.00000     0.00500
     5.02000     6.00000     7.00000     0.00000     0.00000     0.00000     0.00500
     5.03000     4.00000     5.00000     0.00000     0.00000     0.00000     0.00500
     5.04000     5.00000     6.00000     0.00000     0.00000     0.00000     0.00500
     5.05000     6.00000     7.00000     0.00000     0.00000     0.00000     0.00500
     5.06000     4.00000     5.00000     0.00000     0.00000     0.00000     0.00500
     5.07000     5.00000     6.00000     0.00000     0.00000     0.00000     0.00500
     5.08000     6.00000     7.00000     0.00000     0.00000     0.00000     0.00500
     5.09000     4.00000     5.00000     0.00000     0.00000     0.00000     0.00500
     6.00500     5.00000     6.00000     0.00000     0.00000     0.00000     0.00500
     6.01000     5.00000     6.00000     0.00000     0.00000     0.00000     0.00500
     6.02000     6.00000     7.00000     0.00000     0.00000     0.00000     0.00500
     6.03000     4.00000     5.00000     0.00000     0.00000     0.00000     0.00500
     6.04000     5.00000     6.00000     0.00000     0.00000     0.00000     0.00500
     6.05000     6.00000     7.00000     0.00000     0.00000     0.00000     0.00500
     6.06000     4.00000     5.00000     0.00000     0.00000     0.00000     0.00500
     6.07000     5.00000     6.00000     0.00000     0.00000     0.00000     0.00500
     6.08000     6.00000     7.00000     0.00000     0.00000     0.00000     0.00500
     6.09000     4.00000     5.00000     0.00000     0.00000     0.00000     0.00500
     7.00500     5.00000     6.00000     0.00000     0.00000     0.00000     0.00500
     7.01000     5.00000     6.00000     0.00000     0.00000     0.00000     0.00500
     7.02000     6.00000     7.00000     0.00000     0.00000     0.00000     0.00500
     7.03000     4.00000     5.00000     0.00000     0.00000     0.00000     0.00500
     7.04000     5.00000     6.00000     0.00000     0.00000     0.00000     0.00500
     7.05000     6.00000     7.00000     0.00000     0.00000     0.00000     0.00500
     7.06000     4.00000     5.00000     0.00000     0.00000     0.00000     0.00500
     7.07000     5.00000     6.00000     0.00000     0.00000     0.00000     0.00500
     7.08000     6.00000     7.00000     0.00000     0.00000     0.00000     0.00500
     7.09000     4.00000     5.00000     0.00000     0.00000     0.00000     0.00500
     8.00500     5.00000     6.00000     0.00000     0.00000     0.00000     0.00500
     1.01000     6.00000     7.00000     0.00000     0.00000     0.00000     0.00500
     2.01000     4.00000     5.00000     0.00000     0.00000     0.00000     0.00500
     3.01000     5.00000     6.00000     0.00000     0.00000     0.00000     0.00500
     1.01000     6.00000     7.00000     0.00000     0.00000     0.00000     0.00500
     2.00500     4.00000     5.00000     0.00000     0.00000     0.00000     0.00500
     3.00500     5.00000     6.00000     0.00000     0.00000     0.00000     0.00500
     1.00500     6.00000     7.00000     0.00000     0.00000     0.00000     0.00500
     2.00500     4.00000     5.00000     0.00000     0.00000     0.00000     0.00500
     3.00500     5.00000     6.00000     0.00000     0.00000     0.00000     0.00500
     1.02000     6.00000     7.00000     0.00000     0.00000     0.00000     0.00500
     2.02000     4.00000     5.00000     0.00000     0.00000     0.00000     0.00500
     3.02000     5.00000     6.00000     0.00000     0.00000     0.00000     0.00500
     1.03000     6.00000     7.00000     0.00000     0.00000     0.00000     0.00500
     2.03000     4.00000     5.00000     0.00000     0.00000     0.00000     0.00500
     3.03000     5.00000     6.00000     0.00000     0.00000     0.00000     0.00500
     1.04000     6.00000     7.00000     0.00000     0.00000     0.00000     0.00500
     2.04000     4.00000     5.00000     0.00000     0.00000     0.00000     0.00500
     3.04000     5.00000     6.00000     0.00000     0.00000     0.00000     0.00500
     1.05000     6.00000     7.00000     0.00000     0.00000     0.00000     0.00500
     2.05000     4.00000     5.00000     0.00000     0.00000     0.00000     0.00500
     3.05000     5.00000     6.00000     0.00000     0.00000     0.00000     0.00500
     1.06000     6.00000     7.00000     0.00000     0.00000     0.00000     0.00500
     2.06000     4.00000     5.00000     0.00000     0.00000     0.00000     0.00500
     3.06000     5.00000     6.00000     0.00000     0.00000     0.00000     0.00500
     1.07000     6.00000     7.00000     0.00000     0.00000     0.00000     0.00500
     2.07000     4.00000     5.00000     0.00000     0.00000     0.00000     0.00500
     3.07000     5.00000     6.00000     0.00000     0.00000     0.00000     0.00500
     1.08000     6.00000     7.00000     0.00000     0.00000     0.00000     0.00500
     2.08000     4.00000     5.00000     0.00000     0.00000     0.00000     0.00500
     3.08000     5.00000     6.00000     0.00000     0.00000     0.00000     0.00500
     1.09000     6.00000     7.00000     0.00000     0.00000     0.00000     0.00500
     2.09000     4.00000     5.00000     0.00000     0.00000     0.00000     0.00500
     3.09000     5.00000     6.00000     0.00000     0.00000     0.00000     0.00500
     1.00000     6.00000     7.00000     0.00000     0.00000     0.00000     0.00500
     1.10000     4.00000     5.00000     0.00000     0.00000     0.00000     0.00500
     1.20000     5.00000     6.00000     0.00000     0.00000     0.00000     0.00500
     1.30000     6.00000     7.00000     0.00000     0.00000     0.00000     0.00500
     1.40000     4.00000     5.00000     0.00000     0.00000     0.00000     0.00500
     1.50000     5.00000     6.00000     0.00000     0.00000     0.00000     0.00500
     1.60000     6.00000     7.00000     0.00000     0.00000     0.00000     0.00500
     1.70000     4.00000     5.00000     0.00000     0.00000     0.00000     0.00500
     1.80000     5.00000     6.00000     0.00000     0.00000     0.00000     0.00500
     1.90000     6.00000     7.00000     0.00000     0.00000     0.00000     0.00500
     2.00000     4.00000     5.00000     0.00000     0.00000     0.00000     0.00500
     2.10000     5.00000     6.00000     0.00000     0.00000     0.00000     0.00500
     2.20000     6.00000     7.00000     0.00000     0.00000     0.00000     0.00500
     2.30000     4.00000     5.00000     0.00000     0.00000     0.00000     0.00500
     2.40000     5.00000     6.00000     0.00000     0.00000     0.00000     0.00500
     2.50000     6.00000     7.00000     0.00000     0.00000     0.00000     0.00500
     2.60000     4.00000     5.00000     0.00000     0.00000     0.00000     0.00500
     2.70000     5.00000     6.00000     0.00000     0.00000     0.00000     0.00500
     2.80000     6.00000     7.00000     0.00000     0.00000     0.00000     0.00500
     2.90000     4.00000     5.00000     0.00000     0.00000     0.00000     0.00500
     3.00000     5.00000     6.00000     0.00000     0.00000     0.00000     0.00500
     3.10000     6.00000     7.00000     0.00000     0.00000     0.00000     0.00500
     3.20000     4.00000     5.00000     0.00000     0.00000     0.00000     0.00500
     3.30000     5.00000     6.00000     0.00000     0.00000     0.00000     0.00500
     3.40000     6.00000     7.00000     0.00000     0.00000     0.00000     0.00500
     3.50000     4.00000     5.00000     0.00000     0.00000     0.00000     0.00500
     3.60000     5.00000     6.00000     0.00000     0.00000     0.00000     0.00500
     3.70000     6.00000     7.00000     0.00000     0.00000     0.00000     0.00500
     3.80000     4.00000     5.00000     0.00000     0.00000     0.00000     0.00500
     3.90000     5.00000     6.00000     0.00000     0.00000     0.00000     0.00500
     4.00000     6.00000     7.00000     0.00000     0.00000     0.00000     0.00500
     4.10000     4.00000     5.00000     0.00000     0.00000     0.00000     0.00500
     4.20000     5.00000     6.00000     0.00000     0.00000     0.00000     0.00500
     4.30000     6.00000     7.00000     0.00000     0.00000     0.00000     0.00500
     4.40000     4.00000     5.00000     0.00000     0.00000     0.00000     0.00500
     4.50000     5.00000     6.00000     0.00000     0.00000     0.00000     0.00500
     4.60000     6.00000     7.00000     0.00000     0.00000     0.00000     0.00500
     4.70000     4.00000     5.00000     0.00000     0.00000     0.00000     0.00500
     4.80000     5.00000     6.00000     0.00000     0.00000     0.00000     0.00500
     4.90000     6.00000     7.00000     0.00000     0.00000     0.00000     0.00500
     5.00000     4.00000     5.00000     0.00000     0.00000     0.00000     0.00500
     5.10000     5.00000     6.00000     0.00000     0.00000     0.00000     0.00500
     5.20000     6.00000     7.00000     0.00000     0.00000     0.00000     0.00500
     5.30000     4.00000     5.00000     0.00000     0.00000     0.00000     0.00500
     5.40000     5.00000     6.00000     0.00000     0.00000     0.00000     0.00500
     5.50000     6.00000     7.00000     0.00000     0.00000     0.00000     0.00500
     5.60000     4.00000     5.00000     0.00000     0.00000     0.00000     0.00500
     5.70000     5.00000     6.00000     0.00000     0.00000     0.00000     0.00500
     5.80000     6.00000     7.00000     0.00000     0.00000     0.00000     0.00500
     5.90000     4.00000     5.00000     0.00000     0.00000     0.00000     0.00500
     6.00000     5.00000     6.00000     0.00000     0.00000     0.00000     0.00500
     6.10000     5.00000     6.00000     0.00000     0.00000     0.00000     0.00500
     6.20000     6.00000     7.00000     0.00000     0.00000     0.00000     0.00500
     6.30000     4.00000     5.00000     0.00000     0.00000     0.00000     0.00500
     6.40000     5.00000     6.00000     0.00000     0.00000     0.00000     0.00500
     6.50000     6.00000     7.00000     0.00000     0.00000     0.00000     0.00500
     6.60000     4.00000     5.00000     0.00000     0.00000     0.00000     0.00500
     6.70000     5.00000     6.00000     0.00000     0.00000     0.00000     0.00500
     6.80000     6.00000     7.00000     0.00000     0.00000     0.00000     0.00500
     6.90000     4.00000     5.00000     0.00000     0.00000     0.00000     0.00500
     7.00000     5.00000     6.00000     0.00000     0.00000     0.00000     0.00500
     7.10000     5.00000     6.00000     0.00000     0.00000     0.00000     0.00500
     7.20000     6.00000     7.00000     0.00000     0.00000     0.00000     0.00500
     7.30000     4.00000     5.00000     0.00000     0.00000     0.00000     0.00500
     7.40000     5.00000     6.00000     0.00000     0.00000     0.00000     0.00500
     7.50000     6.00000     7.00000     0.00000     0.00000     0.00000     0.00500
     7.60000     4.00000     5.00000     0.00000     0.00000     0.00000     0.00500
     7.70000     5.00000     6.00000     0.00000     0.00000     0.00000     0.00500
     7.80000     6.00000     7.00000     0.00000     0.00000     0.00000     0.00500
     7.90000     4.00000     5.00000     0.00000     0.00000     0.00000     0.00500
     8.00000     5.00000     6.00000     0.00000     0.00000     0.00000     0.00500
     8.10000     5.00000     6.00000     0.00000     0.00000     0.00000     0.00500
     8.20000     6.00000     7.00000     0.00000     0.00000     0.00000     0.00500
     8.30000     4.00000     5.00000     0.00000     0.00000     0.00000     0.00500
     8.40000     5.00000     6.00000     0.00000     0.00000     0.00000     0.00500
     8.50000     6.00000     7.00000     0.00000     0.00000     0.00000     0.00500
     8.60000     4.00000     5.00000     0.00000     0.00000     0.00000     0.00500
     8.70000     5.00000     6.00000     0.00000     0.00000     0.00000     0.00500
     8.80000     6.00000     7.00000     0.00000     0.00000     0.00000     0.00500
     8.90000     4.00000     5.00000     0.00000     0.00000     0.00000     0.00500
     9.00000     5.00000     6.00000     0.00000     0.00000     0.00000     0.00500
     5.01000     5.00000     6.00000     0.00000     0.00000     0.00000     0.00500
     5.02000     6.00000     7.00000     0.00000     0.00000     0.00000     0.00500
     5.03000     4.00000     5.00000     0.00000     0.00000     0.00000     0.00500
     5.04000     5.00000     6.00000     0.00000     0.00000     0.00000     0.00500
     5.05000     6.00000     7.00000     0.00000     0.00000     0.00000     0.00500
     5.06000     4.00000     5.00000     0.00000     0.00000     0.00000     0.00500
     5.07000     5.00000     6.00000     0.00000     0.00000     0.00000     0.00500
     5.08000     6.00000     7.00000     0.00000     0.00000     0.00000     0.00500
     5.09000     4.00000     5.00000     0.00000     0.00000     0.00000     0.00500
     6.00500     5.00000     6.00000     0.00000     0.00000     0.00000     0.00500
     6.01000     5.00000     6.00000     0.00000     0.00000     0.00000     0.00500
     6.02000     6.00000     7.00000     0.00000     0.00000     0.00000     0.00500
     6.03000     4.00000     5.00000     0.00000     0.00000     0.00000     0.00500
     6.04000     5.00000     6.00000     0.00000     0.00000     0.00000     0.00500
     6.05000     6.00000     7.00000     0.00000     0.00000     0.00000     0.00500
     6.06000     4.00000     5.00000     0.00000     0.00000     0.00000     0.00500
     6.07000     5.00000     6.00000     0.00000     0.00000     0.00000     0.00500
     6.08000     6.00000     7.00000     0.00000     0.00000     0.00000     0.00500
     6.09000     4.00000     5.00000     0.00000     0.00000     0.00000     0.00500
     7.00500     5.00000     6.00000     0.00000     0.00000     0.00000     0.00500
     7.01000     5.00000     6.00000     0.00000     0.00000     0.00000     0.00500
     7.02000     6.00000     7.00000     0.00000     0.00000     0.00000     0.00500
     7.03000     4.00000     5.00000     0.00000     0.00000     0.00000     0.00500
     7.04000     5.00000     6.00000     0.00000     0.00000     0.00000     0.00500
     7.05000     6.00000     7.00000     0.00000     0.00000     0.00000     0.00500
     7.06000     4.00000     5.00000     0.00000     0.00000     0.00000     0.00500
     7.07000     5.00000     6.00000     0.00000     0.00000     0.00000     0.00500
     7.08000     6.00000     7.00000     0.00000     0.00000     0.00000     0.00500
     7.09000     4.00000     5.00000     0.00000     0.00000     0.00000     0.00500
     8.00500     5.00000     6.00000     0.00000     0.00000     0.00000     0.00500
     1.01000     6.00000     7.00000     0.00000     0.00000     0.00000     0.00500
     2.01000     4.00000     5.00000     0.00000     0.00000     0.00000     0.00500
     3.01000     5.00000     6.00000     0.00000     0.00000     0.00000     0.00500
     1.01000     6.00000     7.00000     0.00000     0.00000     0.00000     0.00500
     2.00500     4.00000     5.00000     0.00000     0.00000     0.00000     0.00500
     3.00500     5.00000     6.00000     0.00000     0.00000     0.00000     0.00500
     1.00500     6.00000     7.00000     0.00000     0.00000     0.00000     0.00500
     2.00500     4.00000     5.00000     0.00000     0.00000     0.00000     0.00500
     3.00500     5.00000     6.00000     0.00000     0.00000     0.00000     0.00500
     1.02000     6.00000     7.00000     0.00000     0.00000     0.00000     0.00500
     2.02000     4.00000     5.00000     0.00000     0.00000     0.00000     0.00500
     3.02000     5.00000     6.00000     0.00000     0.00000     0.00000     0.00500
     1.03000     6.00000     7.00000     0.00000     0.00000     0.00000     0.00500
     2.03000     4.00000     5.00000     0.00000     0.00000     0.00000     0.00500
     3.03000     5.00000     6.00000     0.00000     0.00000     0.00000     0.00500
     1.04000     6.00000     7.00000     0.00000     0.00000     0.00000     0.00500
     2.04000     4.00000     5.00000     0.00000     0.00000     0.00000     0.00500
     3.04000     5.00000     6.00000     0.00000     0.00000     0.00000     0.00500
     1.05000     6.00000     7.00000     0.00000     0.00000     0.00000     0.00500
     2.05000     4.00000     5.00000     0.00000     0.00000     0.00000     0.00500
     3.05000     5.00000     6.00000     0.00000     0.00000     0.00000     0.00500
     1.06000     6.00000     7.00000     0.00000     0.00000     0.00000     0.00500
     2.06000     4.00000     5.00000     0.00000     0.00000     0.00000     0.00500
     3.06000     5.00000     6.00000     0.00000     0.00000     0.00000     0.00500
     1.07000     6.00000     7.00000     0.00000     0.00000     0.00000     0.00500
     2.07000     4.00000     5.00000     0.00000     0.00000     0.00000     0.00500
     3.07000     5.00000     6.00000     0.00000     0.00000     0.00000     0.00500
     1.08000     6.00000     7.00000     0.00000     0.00000     0.00000     0.00500
     2.08000     4.00000     5.00000     0.00000     0.00000     0.00000     0.00500
     3.08000     5.00000     6.00000     0.00000     0.00000     0.00000     0.00500
     1.09000     6.00000     7.00000     0.00000     0.00000     0.00000     0.00500
     2.09000     4.00000     5.00000     0.00000     0.00000     0.00000     0.00500
     3.09000     5.00000     6.00000     0.00000     0.00000     0.00000     0.00500
     1.00000     6.00000     7.00000     0.00000     0.00000     0.00000     0.00500
     1.10000     4.00000     5.00000     0.00000     0.00000     0.00000     0.00500
     1.20000     5.00000     6.00000     0.00000     0.00000     0.00000     0.00500
     1.30000     6.00000     7.00000     0.00000     0.00000     0.00000     0.00500
     1.40000     4.00000     5.00000     0.00000     0.00000     0.00000     0.00500
     1.50000     5.00000     6.00000     0.00000     0.00000     0.00000     0.00500
     1.60000     6.00000     7.00000     0.00000     0.00000     0.00000     0.00500
     1.70000     4.00000     5.00000     0.00000     0.00000     0.00000     0.00500
     1.80000     5.00000     6.00000     0.00000     0.00000     0.00000     0.00500
     1.90000     6.00000     7.00000     0.00000     0.00000     0.00000     0.00500
     2.00000     4.00000     5.00000     0.00000     0.00000     0.00000     0.00500
     2.10000     5.00000     6.00000     0.00000     0.00000     0.00000     0.00500
     2.20000     6.00000     7.00000     0.00000     0.00000     0.00000     0.00500
     2.30000     4.00000     5.00000     0.00000     0.00000     0.00000     0.00500
     2.40000     5.00000     6.00000     0.00000     0.00000     0.00000     0.00500
     2.50000     6.00000     7.00000     0.00000     0.00000     0.00000     0.00500
     2.60000     4.00000     5.00000     0.00000     0.00000     0.00000     0.00500
     2.70000     5.00000     6.00000     0.00000     0.00000     0.00000     0.00500
     2.80000     6.00000     7.00000     0.00000     0.00000     0.00000     0.00500
     2.90000     4.00000     5.00000     0.00000     0.00000     0.00000     0.00500
     3.00000     5.00000     6.00000     0.00000     0.00000     0.00000     0.00500
     3.10000     6.00000     7.00000     0.00000     0.00000     0.00000     0.00500
     3.20000     4.00000     5.00000     0.00000     0.00000     0.00000     0.00500
     3.30000     5.00000     6.00000     0.00000     0.00000     0.00000     0.00500
     3.40000     6.00000     7.00000     0.00000     0.00000     0.00000     0.00500
     3.50000     4.00000     5.00000     0.00000     0.00000     0.00000     0.00500
     3.60000     5.00000     6.00000     0.00000     0.00000     0.00000     0.00500
     3.70000     6.00000     7.00000     0.00000     0.00000     0.00000     0.00500
     3.80000     4.00000     5.00000     0.00000     0.00000     0.00000     0.00500
     3.90000     5.00000     6.00000     0.00000     0.00000     0.00000     0.00500
     4.00000     6.00000     7.00000     0.00000     0.00000     0.00000     0.00500
     4.10000     4.00000     5.00000     0.00000     0.00000     0.00000     0.00500
     4.20000     5.00000     6.00000     0.00000     0.00000     0.00000     0.00500
     4.30000     6.00000     7.00000     0.00000     0.00000     0.00000     0.00500
     4.40000     4.00000     5.00000     0.00000     0.00000     0.00000     0.00500
     4.50000     5.00000     6.00000     0.00000     0.00000     0.00000     0.00500
     4.60000     6.00000     7.00000     0.00000     0.00000     0.00000     0.00500
     4.70000     4.00000     5.00000     0.00000     0.00000     0.00000     0.00500
     4.80000     5.00000     6.00000     0.00000     0.00000     0.00000     0.00500
     4.90000     6.00000     7.00000     0.00000     0.00000     0.00000     0.00500
     5.00000     4.00000     5.00000     0.00000     0.00000     0.00000     0.00500
     5.10000     5.00000     6.00000     0.00000     0.00000     0.00000     0.00500
     5.20000     6.00000     7.00000     0.00000     0.00000     0.00000     0.00500
     5.30000     4.00000     5.00000     0.00000     0.00000     0.00000     0.00500
     5.40000     5.00000     6.00000     0.00000     0.00000     0.00000     0.00500
     5.50000     6.00000     7.00000     0.00000     0.00000     0.00000     0.00500
     5.60000     4.00000     5.00000     0.00000     0.00000     0.00000     0.00500
     5.70000     5.00000     6.00000     0.00000     0.00000     0.00000     0.00500
     5.80000     6.00000     7.00000     0.00000     0.00000     0.00000     0.00500
     5.90000     4.00000     5.00000     0.00000     0.00000     0.00000     0.00500
     6.00000     5.00000     6.00000     0.00000     0.00000     0.00000     0.00500
     6.10000     5.00000     6.00000     0.00000     0.00000     0.00000     0.00500
     6.20000     6.00000     7.00000     0.00000     0.00000     0.00000     0.00500
     6.30000     4.00000     5.00000     0.00000     0.00000     0.00000     0.00500
     6.40000     5.00000     6.00000     0.00000     0.00000     0.00000     0.00500
     6.50000     6.00000     7.00000     0.00000     0.00000     0.00000     0.00500
     6.60000     4.00000     5.00000     0.00000     0.00000     0.00000     0.00500
     6.70000     5.00000     6.00000     0.00000     0.00000     0.00000     0.00500
     6.80000     6.00000     7.00000     0.00000     0.00000     0.00000     0.00500
     6.90000     4.00000     5.00000     0.00000     0.00000     0.00000     0.00500
     7.00000     5.00000     6.00000     0.00000     0.00000     0.00000     0.00500
     7.10000     5.00000     6.00000     0.00000     0.00000     0.00000     0.00500
     7.20000     6.00000     7.00000     0.00000     0.00000     0.00000     0.00500
     7.30000     4.00000     5.00000     0.00000     0.00000     0.00000     0.00500
     7.40000     5.00000     6.00000     0.00000     0.00000     0.00000     0.00500
     7.50000     6.00000     7.00000     0.00000     0.00000     0.00000     0.00500
     7.60000     4.00000     5.00000     0.00000     0.00000     0.00000     0.00500
     7.70000     5.00000     6.00000     0.00000     0.00000     0.00000     0.00500
     7.80000     6.00000     7.00000     0.00000     0.00000     0.00000     0.00500
     7.90000     4.00000     5.00000     0.00000     0.00000     0.00000     0.00500
     8.00000     5.00000     6.00000     0.00000     0.00000     0.00000     0.00500
     8.10000     5.00000     6.00000     0.00000     0.00000     0.00000     0.00500
     8.20000     6.00000     7.00000     0.00000     0.00000     0.00000     0.00500
     8.30000     4.00000     5.00000     0.00000     0.00000     0.00000     0.00500
     8.40000     5.00000     6.00000     0.00000     0.00000     0.00000     0.00500
     8.50000     6.00000     7.00000     0.00000     0.00000     0.00000     0.00500
     8.60000     4.00000     5.00000     0.00000     0.00000     0.00000     0.00500
     8.70000     5.00000     6.00000     0.00000     0.00000     0.00000     0.00500
     8.80000     6.00000     7.00000     0.00000     0.00000     0.00000     0.00500
     8.90000     4.00000     5.00000     0.00000     0.00000     0.00000     0.00500
     9.00000     5.00000     6.00000     0.00000     0.00000     0.00000     0.00500
     5.01000     5.00000     6.00000     0.00000     0.00000     0.00000     0.00500
     5.02000     6.00000     7.00000     0.00000     0.00000     0.00000     0.00500
     5.03000     4.00000     5.00000     0.00000     0.00000     0.00000     0.00500
     5.04000     5.00000     6.00000     0.00000     0.00000     0.00000     0.00500
     5.05000     6.00000     7.00000     0.00000     0.00000     0.00000     0.00500
     5.06000     4.00000     5.00000     0.00000     0.00000     0.00000     0.00500
     5.07000     5.00000     6.00000     0.00000     0.00000     0.00000     0.00500
     5.08000     6.00000     7.00000     0.00000     0.00000     0.00000     0.00500
     5.09000     4.00000     5.00000     0.00000     0.00000     0.00000     0.00500
     6.00500     5.00000     6.00000     0.00000     0.00000     0.00000     0.00500
     6.01000     5.00000     6.00000     0.00000     0.00000     0.00000     0.00500
     6.02000     6.00000     7.00000     0.00000     0.00000     0.00000     0.00500
     6.03000     4.00000     5.00000     0.00000     0.00000     0.00000     0.00500
     6.04000     5.00000     6.00000     0.00000     0.00000     0.00000     0.00500
     6.05000     6.00000     7.00000     0.00000     0.00000     0.00000     0.00500
     6.06000     4.00000     5.00000     0.00000     0.00000     0.00000     0.00500
     6.07000     5.00000     6.00000     0.00000     0.00000     0.00000     0.00500
     6.08000     6.00000     7.00000     0.00000     0.00000     0.00000     0.00500
     6.09000     4.00000     5.00000     0.00000     0.00000     0.00000     0.00500
     7.00500     5.00000     6.00000     0.00000     0.00000     0.00000     0.00500
     7.01000     5.00000     6.00000     0.00000     0.00000     0.00000     0.00500
     7.02000     6.00000     7.00000     0.00000     0.00000     0.00000     0.00500
     7.03000     4.00000     5.00000     0.00000     0.00000     0.00000     0.00500
     7.04000     5.00000     6.00000     0.00000     0.00000     0.00000     0.00500
     7.05000     6.00000     7.00000     0.00000     0.00000     0.00000     0.00500
     7.06000     4.00000     5.00000     0.00000     0.00000     0.00000     0.00500
     7.07000     5.00000     6.00000     0.00000     0.00000     0.00000     0.00500
     7.08000     6.00000     7.00000     0.00000     0.00000     0.00000     0.00500
     7.09000     4.00000     5.00000     0.00000     0.00000     0.00000     0.00500
     8.00500     5.00000     6.00000     0.00000     0.00000     0.00000     0.00500
     1.01000     6.00000     7.00000     0.00000     0.00000     0.00000     0.00500
     2.01000     4.00000     5.00000     0.00000     0.00000     0.00000     0.00500
     3.01000     5.00000     6.00000     0.00000     0.00000     0.00000     0.00500
     1.01000     6.00000     7.00000     0.00000     0.00000     0.00000     0.00500
     2.00500     4.00000     5.00000     0.00000     0.00000     0.00000     0.00500
     3.00500     5.00000     6.00000     0.00000     0.00000     0.00000     0.00500
     1.00500     6.00000     7.00000     0.00000     0.00000     0.00000     0.00500
     2.00500     4.00000     5.00000     0.00000     0.00000     0.00000     0.00500
     3.00500     5.00000     6.00000     0.00000     0.00000     0.00000     0.00500
     1.02000     6.00000     7.00000     0.00000     0.00000     0.00000     0.00500
     2.02000     4.00000     5.00000     0.00000     0.00000     0.00000     0.00500
     3.02000     5.00000     6.00000     0.00000     0.00000     0.00000     0.00500
     1.03000     6.00000     7.00000     0.00000     0.00000     0.00000     0.00500
     2.03000     4.00000     5.00000     0.00000     0.00000     0.00000     0.00500
     3.03000     5.00000     6.00000     0.00000     0.00000     0.00000     0.00500
     1.04000     6.00000     7.00000     0.00000     0.00000     0.00000     0.00500
     2.04000     4.00000     5.00000     0.00000     0.00000     0.00000     0.00500
     3.04000     5.00000     6.00000     0.00000     0.00000     0.00000     0.00500
     1.05000     6.00000     7.00000     0.00000     0.00000     0.00000     0.00500
     2.05000     4.00000     5.00000     0.00000     0.00000     0.00000     0.00500
     3.05000     5.00000     6.00000     0.00000     0.00000     0.00000     0.00500
     1.06000     6.00000     7.00000     0.00000     0.00000     0.00000     0.00500
     2.06000     4.00000     5.00000     0.00000     0.00000     0.00000     0.00500
     3.06000     5.00000     6.00000     0.00000     0.00000     0.00000     0.00500
     1.07000     6.00000     7.00000     0.00000     0.00000     0.00000     0.00500
     2.07000     4.00000     5.00000     0.00000     0.00000     0.00000     0.00500
     3.07000     5.00000     6.00000     0.00000     0.00000     0.00000     0.00500
     1.08000     6.00000     7.00000     0.00000     0.00000     0.00000     0.00500
     2.08000     4.00000     5.00000     0.00000     0.00000     0.00000     0.00500
     3.08000     5.00000     6.00000     0.00000     0.00000     0.00000     0.00500
     1.09000     6.00000     7.00000     0.00000     0.00000     0.00000     0.00500
     2.09000     4.00000     5.00000     0.00000     0.00000     0.00000     0.00500
     3.09000     5.00000     6.00000     0.00000     0.00000     0.00000     0.00500
     1.00000     6.00000     7.00000     0.00000     0.00000     0.00000     0.00500
     1.10000     4.00000     5.00000     0.00000     0.00000     0.00000     0.00500
     1.20000     5.00000     6.00000     0.00000     0.00000     0.00000     0.00500
     1.30000     6.00000     7.00000     0.00000     0.00000     0.00000     0.00500
     1.40000     4.00000     5.00000     0.00000     0.00000     0.00000     0.00500
     1.50000     5.00000     6.00000     0.00000     0.00000     0.00000     0.00500
     1.60000     6.00000     7.00000     0.00000     0.00000     0.00000     0.00500
     1.70000     4.00000     5.00000     0.00000     0.00000     0.00000     0.00500
     1.80000     5.00000     6.00000     0.00000     0.00000     0.00000     0.00500
     1.90000     6.00000     7.00000     0.00000     0.00000     0.00000     0.00500
     2.00000     4.00000     5.00000     0.00000     0.00000     0.00000     0.00500
     2.10000     5.00000     6.00000     0.00000     0.00000     0.00000     0.00500
     2.20000     6.00000     7.00000     0.00000     0.00000     0.00000     0.00500
     2.30000     4.00000     5.00000     0.00000     0.00000     0.00000     0.00500
     2.40000     5.00000     6.00000     0.00000     0.00000     0.00000     0.00500
     2.50000     6.00000     7.00000     0.00000     0.00000     0.00000     0.00500
     2.60000     4.00000     5.00000     0.00000     0.00000     0.00000     0.00500
     2.70000     5.00000     6.00000     0.00000     0.00000     0.00000     0.00500
     2.80000     6.00000     7.00000     0.00000     0.00000     0.00000     0.00500
     2.90000     4.00000     5.00000     0.00000     0.00000     0.00000     0.00500
     3.00000     5.00000     6.00000     0.00000     0.00000     0.00000     0.00500
     3.10000     6.00000     7.00000     0.00000     0.00000     0.00000     0.00500
     3.20000     4.00000     5.00000     0.00000     0.00000     0.00000     0.00500
     3.30000     5.00000     6.00000     0.00000     0.00000     0.00000     0.00500
     3.40000     6.00000     7.00000     0.00000     0.00000     0.00000     0.00500
     3.50000     4.00000     5.00000     0.00000     0.00000     0.00000     0.00500
     3.60000     5.00000     6.00000     0.00000     0.00000     0.00000     0.00500
     3.70000     6.00000     7.00000     0.00000     0.00000     0.00000     0.00500
     3.80000     4.00000     5.00000     0.00000     0.00000     0.00000     0.00500
     3.90000     5.00000     6.00000     0.00000     0.00000     0.00000     0.00500
     4.00000     6.00000     7.00000     0.00000     0.00000     0.00000     0.00500
     4.10000     4.00000     5.00000     0.00000     0.00000     0.00000     0.00500
     4.20000     5.00000     6.00000     0.00000     0.00000     0.00000     0.00500
     4.30000     6.00000     7.00000     0.00000     0.00000     0.00000     0.00500
     4.40000     4.00000     5.00000     0.00000     0.00000     0.00000     0.00500
     4.50000     5.00000     6.00000     0.00000     0.00000     0.00000     0.00500
     4.60000     6.00000     7.00000     0.00000     0.00000     0.00000     0.00500
     4.70000     4.00000     5.00000     0.00000     0.00000     0.00000     0.00500
     4.80000     5.00000     6.00000     0.00000     0.00000     0.00000     0.00500
     4.90000     6.00000     7.00000     0.00000     0.00000     0.00000     0.00500
     5.00000     4.00000     5.00000     0.00000     0.00000     0.00000     0.00500
     5.10000     5.00000     6.00000     0.00000     0.00000     0.00000     0.00500
     5.20000     6.00000     7.00000     0.00000     0.00000     0.00000     0.00500
     5.30000     4.00000     5.00000     0.00000     0.00000     0.00000     0.00500
     5.40000     5.00000     6.00000     0.00000     0.00000     0.00000     0.00500
     5.50000     6.00000     7.00000     0.00000     0.00000     0.00000     0.00500
     5.60000     4.00000     5.00000     0.00000     0.00000     0.00000     0.00500
     5.70000     5.00000     6.00000     0.00000     0.00000     0.00000     0.00500
     5.80000     6.00000     7.00000     0.00000     0.00000     0.00000     0.00500
     5.90000     4.00000     5.00000     0.00000     0.00000     0.00000     0.00500
     6.00000     5.00000     6.00000     0.00000     0.00000     0.00000     0.00500
     6.10000     5.00000     6.00000     0.00000     0.00000     0.00000     0.00500
     6.20000     6.00000     7.00000     0.00000     0.00000     0.00000     0.00500
     6.30000     4.00000     5.00000     0.00000     0.00000     0.00000     0.00500
     6.40000     5.00000     6.00000     0.00000     0.00000     0.00000     0.00500
     6.50000     6.00000     7.00000     0.00000     0.00000     0.00000     0.00500
     6.60000     4.00000     5.00000     0.00000     0.00000     0.00000     0.00500
     6.70000     5.00000     6.00000     0.00000     0.00000     0.00000     0.00500
     6.80000     6.00000     7.00000     0.00000     0.00000     0.00000     0.00500
     6.90000     4.00000     5.00000     0.00000     0.00000     0.00000     0.00500
     7.00000     5.00000     6.00000     0.00000     0.00000     0.00000     0.00500
     7.10000     5.00000     6.00000     0.00000     0.00000     0.00000     0.00500
     7.20000     6.00000     7.00000     0.00000     0.00000     0.00000     0.00500
     7.30000     4.00000     5.00000     0.00000     0.00000     0.00000     0.00500
     7.40000     5.00000     6.00000     0.00000     0.00000     0.00000     0.00500
     7.50000     6.00000     7.00000     0.00000     0.00000     0.00000     0.00500
     7.60000     4.00000     5.00000     0.00000     0.00000     0.00000     0.00500
     7.70000     5.00000     6.00000     0.00000     0.00000     0.00000     0.00500
     7.80000     6.00000     7.00000     0.00000     0.00000     0.00000     0.00500
     7.90000     4.00000     5.00000     0.00000     0.00000     0.00000     0.00500
     8.00000     5.00000     6.00000     0.00000     0.00000     0.00000     0.00500
     8.10000     5.00000     6.00000     0.00000     0.00000     0.00000     0.00500
     8.20000     6.00000     7.00000     0.00000     0.00000     0.00000     0.00500
     8.30000     4.00000     5.00000     0.00000     0.00000     0.00000     0.00500
     8.40000     5.00000     6.00000     0.00000     0.00000     0.00000     0.00500
     8.50000     6.00000     7.00000     0.00000     0.00000     0.00000     0.00500
     8.60000     4.00000     5.00000     0.00000     0.00000     0.00000     0.00500
     8.70000     5.00000     6.00000     0.00000     0.00000     0.00000     0.00500
     8.80000     6.00000     7.00000     0.00000     0.00000     0.00000     0.00500
     8.90000     4.00000     5.00000     0.00000     0.00000     0.00000     0.00500
     9.00000     5.00000     6.00000     0.00000     0.00000     0.00000     0.00500
     5.01000     5.00000     6.00000     0.00000     0.00000     0.00000     0.00500
     5.02000     6.00000     7.00000     0.00000     0.00000     0.00000     0.00500
     5.03000     4.00000     5.00000     0.00000     0.00000     0.00000     0.00500
     5.04000     5.00000     6.00000     0.00000     0.00000     0.00000     0.00500
     5.05000     6.00000     7.00000     0.00000     0.00000     0.00000     0.00500
     5.06000     4.00000     5.00000     0.00000     0.00000     0.00000     0.00500
     5.07000     5.00000     6.00000     0.00000     0.00000     0.00000     0.00500
     5.08000     6.00000     7.00000     0.00000     0.00000     0.00000     0.00500
     5.09000     4.00000     5.00000     0.00000     0.00000     0.00000     0.00500
     6.00500     5.00000     6.00000     0.00000     0.00000     0.00000     0.00500
     6.01000     5.00000     6.00000     0.00000     0.00000     0.00000     0.00500
     6.02000     6.00000     7.00000     0.00000     0.00000     0.00000     0.00500
     6.03000     4.00000     5.00000     0.00000     0.00000     0.00000     0.00500
     6.04000     5.00000     6.00000     0.00000     0.00000     0.00000     0.00500
     6.05000     6.00000     7.00000     0.00000     0.00000     0.00000     0.00500
     6.06000     4.00000     5.00000     0.00000     0.00000     0.00000     0.00500
     6.07000     5.00000     6.00000     0.00000     0.00000     0.00000     0.00500
     6.08000     6.00000     7.00000     0.00000     0.00000     0.00000     0.00500
     6.09000     4.00000     5.00000     0.00000     0.00000     0.00000     0.00500
     7.00500     5.00000     6.00000     0.00000     0.00000     0.00000     0.00500
     7.01000     5.00000     6.00000     0.00000     0.00000     0.00000     0.00500
     7.02000     6.00000     7.00000     0.00000     0.00000     0.00000     0.00500
     7.03000     4.00000     5.00000     0.00000     0.00000     0.00000     0.00500
     7.04000     5.00000     6.00000     0.00000     0.00000     0.00000     0.00500
     7.05000     6.00000     7.00000     0.00000     0.00000     0.00000     0.00500
     7.06000     4.00000     5.00000     0.00000     0.00000     0.00000     0.00500
     7.07000     5.00000     6.00000     0.00000     0.00000     0.00000     0.00500
     7.08000     6.00000     7.00000     0.00000     0.00000     0.00000     0.00500
     7.09000     4.00000     5.00000     0.00000     0.00000     0.00000     0.00500
     8.00500     5.00000     6.00000     0.00000     0.00000     0.00000     0.00500
     1.01000     6.00000     7.00000     0.00000     0.00000     0.00000     0.00500
     2.01000     4.00000     5.00000     0.00000     0.00000     0.00000     0.00500
     3.01000     5.00000     6.00000     0.00000     0.00000     0.00000     0.00500
     1.01000     6.00000     7.00000     0.00000     0.00000     0.00000     0.00500
     2.00500     4.00000     5.00000     0.00000     0.00000     0.00000     0.00500
     3.00500     5.00000     6.00000     0.00000     0.00000     0.00000     0.00500
     1.00500     6.00000     7.00000     0.00000     0.00000     0.00000     0.00500
     2.00500     4.00000     5.00000     0.00000     0.00000     0.00000     0.00500
     3.00500     5.00000     6.00000     0.00000     0.00000     0.00000     0.00500
     1.02000     6.00000     7.00000     0.00000     0.00000     0.00000     0.00500
     2.02000     4.00000     5.00000     0.00000     0.00000     0.00000     0.00500
     3.02000     5.00000     6.00000     0.00000     0.00000     0.00000     0.00500
     1.03000     6.00000     7.00000     0.00000     0.00000     0.00000     0.00500
     2.03000     4.00000     5.00000     0.00000     0.00000     0.00000     0.00500
     3.03000     5.00000     6.00000     0.00000     0.00000     0.00000     0.00500
     1.04000     6.00000     7.00000     0.00000     0.00000     0.00000     0.00500
     2.04000     4.00000     5.00000     0.00000     0.00000     0.00000     0.00500
     3.04000     5.00000     6.00000     0.00000     0.00000     0.00000     0.00500
     1.05000     6.00000     7.00000     0.00000     0.00000     0.00000     0.00500
     2.05000     4.00000     5.00000     0.00000     0.00000     0.00000     0.00500
     3.05000     5.00000     6.00000     0.00000     0.00000     0.00000     0.00500
     1.06000     6.00000     7.00000     0.00000     0.00000     0.00000     0.00500
     2.06000     4.00000     5.00000     0.00000     0.00000     0.00000     0.00500
     3.06000     5.00000     6.00000     0.00000     0.00000     0.00000     0.00500
     1.07000     6.00000     7.00000     0.00000     0.00000     0.00000     0.00500
     2.07000     4.00000     5.00000     0.00000     0.00000     0.00000     0.00500
     3.07000     5.00000     6.00000     0.00000     0.00000     0.00000     0.00500
     1.08000     6.00000     7.00000     0.00000     0.00000     0.00000     0.00500
     2.08000     4.00000     5.00000     0.00000     0.00000     0.00000     0.00500
     3.08000     5.00000     6.00000     0.00000     0.00000     0.00000     0.00500
     1.09000     6.00000     7.00000     0.00000     0.00000     0.00000     0.00500
     2.09000     4.00000     5.00000     0.00000     0.00000     0.00000     0.00500
     3.09000     5.00000     6.00000     0.00000     0.00000     0.00000     0.00500
     1.00000     6.00000     7.00000     0.00000     0.00000     0.00000     0.00500
     1.10000     4.00000     5.00000     0.00000     0.00000     0.00000     0.00500
     1.20000     5.00000     6.00000     0.00000     0.00000     0.00000     0.00500
     1.30000     6.00000     7.00000     0.00000     0.00000     0.00000     0.00500
     1.40000     4.00000     5.00000     0.00000     0.00000     0.00000     0.00500
     1.50000     5.00000     6.00000     0.00000     0.00000     0.00000     0.00500
     1.60000     6.00000     7.00000     0.00000     0.00000     0.00000     0.00500
     1.70000     4.00000     5.00000     0.00000     0.00000     0.00000     0.00500
     1.80000     5.00000     6.00000     0.00000     0.00000     0.00000     0.00500
     1.90000     6.00000     7.00000     0.00000     0.00000     0.00000     0.00500
     2.00000     4.00000     5.00000     0.00000     0.00000     0.00000     0.00500
     2.10000     5.00000     6.00000     0.00000     0.00000     0.00000     0.00500
     2.20000     6.00000     7.00000     0.00000     0.00000     0.00000     0.00500
     2.30000     4.00000     5.00000     0.00000     0.00000     0.00000     0.00500
     2.40000     5.00000     6.00000     0.00000     0.00000     0.00000     0.00500
     2.50000     6.00000     7.00000     0.00000     0.00000     0.00000     0.00500
     2.60000     4.00000     5.00000     0.00000     0.00000     0.00000     0.00500
     2.70000     5.00000     6.00000     0.00000     0.00000     0.00000     0.00500
     2.80000     6.00000     7.00000     0.00000     0.00000     0.00000     0.00500
     2.90000     4.00000     5.00000     0.00000     0.00000     0.00000     0.00500
     3.00000     5.00000     6.00000     0.00000     0.00000     0.00000     0.00500
     3.10000     6.00000     7.00000     0.00000     0.00000     0.00000     0.00500
     3.20000     4.00000     5.00000     0.00000     0.00000     0.00000     0.00500
     3.30000     5.00000     6.00000     0.00000     0.00000     0.00000     0.00500
     3.40000     6.00000     7.00000     0.00000     0.00000     0.00000     0.00500
     3.50000     4.00000     5.00000     0.00000     0.00000     0.00000     0.00500
     3.60000     5.00000     6.00000     0.00000     0.00000     0.00000     0.00500
     3.70000     6.00000     7.00000     0.00000     0.00000     0.00000     0.00500
     3.80000     4.00000     5.00000     0.00000     0.00000     0.00000     0.00500
     3.90000     5.00000     6.00000     0.00000     0.00000     0.00000     0.00500
     4.00000     6.00000     7.00000     0.00000     0.00000     0.00000     0.00500
     4.10000     4.00000     5.00000     0.00000     0.00000     0.00000     0.00500
     4.20000     5.00000     6.00000     0.00000     0.00000     0.00000     0.00500
     4.30000     6.00000     7.00000     0.00000     0.00000     0.00000     0.00500
     4.40000     4.00000     5.00000     0.00000     0.00000     0.00000     0.00500
     4.50000     5.00000     6.00000     0.00000     0.00000     0.00000     0.00500
     4.60000     6.00000     7.00000     0.00000     0.00000     0.00000     0.00500
     4.70000     4.00000     5.00000     0.00000     0.00000     0.00000     0.00500
     4.80000     5.00000     6.00000     0.00000     0.00000     0.00000     0.00500
     4.90000     6.00000     7.00000     0.00000     0.00000     0.00000     0.00500
     5.00000     4.00000     5.00000     0.00000     0.00000     0.00000     0.00500
     5.10000     5.00000     6.00000     0.00000     0.00000     0.00000     0.00500
     5.20000     6.00000     7.00000     0.00000     0.00000     0.00000     0.00500
     5.30000     4.00000     5.00000     0.00000     0.00000     0.00000     0.00500
     5.40000     5.00000     6.00000     0.00000     0.00000     0.00000     0.00500
     5.50000     6.00000     7.00000     0.00000     0.00000     0.00000     0.00500
     5.60000     4.00000     5.00000     0.00000     0.00000     0.00000     0.00500
     5.70000     5.00000     6.00000     0.00000     0.00000     0.00000     0.00500
     5.80000     6.00000     7.00000     0.00000     0.00000     0.00000     0.00500
     5.90000     4.00000     5.00000     0.00000     0.00000     0.00000     0.00500
     6.00000     5.00000     6.00000     0.00000     0.00000     0.00000     0.00500
     6.10000     5.00000     6.00000     0.00000     0.00000     0.00000     0.00500
     6.20000     6.00000     7.00000     0.00000     0.00000     0.00000     0.00500
     6.30000     4.00000     5.00000     0.00000     0.00000     0.00000     0.00500
     6.40000     5.00000     6.00000     0.00000     0.00000     0.00000     0.00500
     6.50000     6.00000     7.00000     0.00000     0.00000     0.00000     0.00500
     6.60000     4.00000     5.00000     0.00000     0.00000     0.00000     0.00500
     6.70000     5.00000     6.00000     0.00000     0.00000     0.00000     0.00500
     6.80000     6.00000     7.00000     0.00000     0.00000     0.00000     0.00500
     6.90000     4.00000     5.00000     0.00000     0.00000     0.00000     0.00500
     7.00000     5.00000     6.00000     0.00000     0.00000     0.00000     0.00500
     7.10000     5.00000     6.00000     0.00000     0.00000     0.00000     0.00500
     7.20000     6.00000     7.00000     0.00000     0.00000     0.00000     0.00500
     7.30000     4.00000     5.00000     0.00000     0.00000     0.00000     0.00500
     7.40000     5.00000     6.00000     0.00000     0.00000     0.00000     0.00500
     7.50000     6.00000     7.00000     0.00000     0.00000     0.00000     0.00500
     7.60000     4.00000     5.00000     0.00000     0.00000     0.00000     0.00500
     7.70000     5.00000     6.00000     0.00000     0.00000     0.00000     0.00500
     7.80000     6.00000     7.00000     0.00000     0.00000     0.00000     0.00500
     7.90000     4.00000     5.00000     0.00000     0.00000     0.00000     0.00500
     8.00000     5.00000     6.00000     0.00000     0.00000     0.00000     0.00500
     8.10000     5.00000     6.00000     0.00000     0.00000     0.00000     0.00500
     8.20000     6.00000     7.00000     0.00000     0.00000     0.00000     0.00500
     8.30000     4.00000     5.00000     0.00000     0.00000     0.00000     0.00500
     8.40000     5.00000     6.00000     0.00000     0.00000     0.00000     0.00500
     8.50000     6.00000     7.00000     0.00000     0.00000     0.00000     0.00500
     8.60000     4.00000     5.00000     0.00000     0.00000     0.00000     0.00500
     8.70000     5.00000     6.00000     0.00000     0.00000     0.00000     0.00500
     8.80000     6.00000     7.00000     0.00000     0.00000     0.00000     0.00500
     8.90000     4.00000     5.00000     0.00000     0.00000     0.00000     0.00500
     9.00000     5.00000     6.00000     0.00000     0.00000     0.00000     0.00500
     5.01000     5.00000     6.00000     0.00000     0.00000     0.00000     0.00500
     5.02000     6.00000     7.00000     0.00000     0.00000     0.00000     0.00500
     5.03000     4.00000     5.00000     0.00000     0.00000     0.00000     0.00500
     5.04000     5.00000     6.00000     0.00000     0.00000     0.00000     0.00500
     5.05000     6.00000     7.00000     0.00000     0.00000     0.00000     0.00500
     5.06000     4.00000     5.00000     0.00000     0.00000     0.00000     0.00500
     5.07000     5.00000     6.00000     0.00000     0.00000     0.00000     0.00500
     5.08000     6.00000     7.00000     0.00000     0.00000     0.00000     0.00500
     5.09000     4.00000     5.00000     0.00000     0.00000     0.00000     0.00500
     6.00500     5.00000     6.00000     0.00000     0.00000     0.00000     0.00500
     6.01000     5.00000     6.00000     0.00000     0.00000     0.00000     0.00500
     6.02000     6.00000     7.00000     0.00000     0.00000     0.00000     0.00500
     6.03000     4.00000     5.00000     0.00000     0.00000     0.00000     0.00500
     6.04000     5.00000     6.00000     0.00000     0.00000     0.00000     0.00500
     6.05000     6.00000     7.00000     0.00000     0.00000     0.00000     0.00500
     6.06000     4.00000     5.00000     0.00000     0.00000     0.00000     0.00500
     6.07000     5.00000     6.00000     0.00000     0.00000     0.00000     0.00500
     6.08000     6.00000     7.00000     0.00000     0.00000     0.00000     0.00500
     6.09000     4.00000     5.00000     0.00000     0.00000     0.00000     0.00500
     7.00500     5.00000     6.00000     0.00000     0.00000     0.00000     0.00500
     7.01000     5.00000     6.00000     0.00000     0.00000     0.00000     0.00500
     7.02000     6.00000     7.00000     0.00000     0.00000     0.00000     0.00500
     7.03000     4.00000     5.00000     0.00000     0.00000     0.00000     0.00500
     7.04000     5.00000     6.00000     0.00000     0.00000     0.00000     0.00500
     7.05000     6.00000     7.00000     0.00000     0.00000     0.00000     0.00500
     7.06000     4.00000     5.00000     0.00000     0.00000     0.00000     0.00500
     7.07000     5.00000     6.00000     0.00000     0.00000     0.00000     0.00500
     7.08000     6.00000     7.00000     0.00000     0.00000     0.00000     0.00500
     7.09000     4.00000     5.00000     0.00000     0.00000     0.00000     0.00500
     8.00500     5.00000     6.00000     0.00000     0.00000     0.00000     0.00500
     1.01000     6.00000     7.00000     0.00000     0.00000     0.00000     0.00500
     2.01000     4.00000     5.00000     0.00000     0.00000     0.00000     0.00500
     3.01000     5.00000     6.00000     0.00000     0.00000     0.00000     0.00500
     1.01000     6.00000     7.00000     0.00000     0.00000     0.00000     0.00500
     2.00500     4.00000     5.00000     0.00000     0.00000     0.00000     0.00500
     3.00500     5.00000     6.00000     0.00000     0.00000     0.00000     0.00500
     1.00500     6.00000     7.00000     0.00000     0.00000     0.00000     0.00500
     2.00500     4.00000     5.00000     0.00000     0.00000     0.00000     0.00500
     3.00500     5.00000     6.00000     0.00000     0.00000     0.00000     0.00500
     1.02000     6.00000     7.00000     0.00000     0.00000     0.00000     0.00500
     2.02000     4.00000     5.00000     0.00000     0.00000     0.00000     0.00500
     3.02000     5.00000     6.00000     0.00000     0.00000     0.00000     0.00500
     1.03000     6.00000     7.00000     0.00000     0.00000     0.00000     0.00500
     2.03000     4.00000     5.00000     0.00000     0.00000     0.00000     0.00500
     3.03000     5.00000     6.00000     0.00000     0.00000     0.00000     0.00500
     1.04000     6.00000     7.00000     0.00000     0.00000     0.00000     0.00500
     2.04000     4.00000     5.00000     0.00000     0.00000     0.00000     0.00500
     3.04000     5.00000     6.00000     0.00000     0.00000     0.00000     0.00500
     1.05000     6.00000     7.00000     0.00000     0.00000     0.00000     0.00500
     2.05000     4.00000     5.00000     0.00000     0.00000     0.00000     0.00500
     3.05000     5.00000     6.00000     0.00000     0.00000     0.00000     0.00500
     1.06000     6.00000     7.00000     0.00000     0.00000     0.00000     0.00500
     2.06000     4.00000     5.00000     0.00000     0.00000     0.00000     0.00500
     3.06000     5.00000     6.00000     0.00000     0.00000     0.00000     0.00500
     1.07000     6.00000     7.00000     0.00000     0.00000     0.00000     0.00500
     2.07000     4.00000     5.00000     0.00000     0.00000     0.00000     0.00500
     3.07000     5.00000     6.00000     0.00000     0.00000     0.00000     0.00500
     1.08000     6.00000     7.00000     0.00000     0.00000     0.00000     0.00500
     2.08000     4.00000     5.00000     0.00000     0.00000     0.00000     0.00500
     3.08000     5.00000     6.00000     0.00000     0.00000     0.00000     0.00500
     1.09000     6.00000     7.00000     0.00000     0.00000     0.00000     0.00500
     2.09000     4.00000     5.00000     0.00000     0.00000     0.00000     0.00500
     3.09000     5.00000     6.00000     0.00000     0.00000     0.00000     0.00500
     1.00000     6.00000     7.00000     0.00000     0.00000     0.00000     0.00500
     1.10000     4.00000     5.00000     0.00000     0.00000     0.00000     0.00500
     1.20000     5.00000     6.00000     0.00000     0.00000     0.00000     0.00500
     1.30000     6.00000     7.00000     0.00000     0.00000     0.00000     0.00500
     1.40000     4.00000     5.00000     0.00000     0.00000     0.00000     0.00500
     1.50000     5.00000     6.00000     0.00000     0.00000     0.00000     0.00500
     1.60000     6.00000     7.00000     0.00000     0.00000     0.00000     0.00500
     1.70000     4.00000     5.00000     0.00000     0.00000     0.00000     0.00500
     1.80000     5.00000     6.00000     0.00000     0.00000     0.00000     0.00500
     1.90000     6.00000     7.00000     0.00000     0.00000     0.00000     0.00500
     2.00000     4.00000     5.00000     0.00000     0.00000     0.00000     0.00500
     2.10000     5.00000     6.00000     0.00000     0.00000     0.00000     0.00500
     2.20000     6.00000     7.00000     0.00000     0.00000     0.00000     0.00500
     2.30000     4.00000     5.00000     0.00000     0.00000     0.00000     0.00500
     2.40000     5.00000     6.00000     0.00000     0.00000     0.00000     0.00500
     2.50000     6.00000     7.00000     0.00000     0.00000     0.00000     0.00500
     2.60000     4.00000     5.00000     0.00000     0.00000     0.00000     0.00500
     2.70000     5.00000     6.00000     0.00000     0.00000     0.00000     0.00500
     2.80000     6.00000     7.00000     0.00000     0.00000     0.00000     0.00500
     2.90000     4.00000     5.00000     0.00000     0.00000     0.00000     0.00500
     3.00000     5.00000     6.00000     0.00000     0.00000     0.00000     0.00500
     3.10000     6.00000     7.00000     0.00000     0.00000     0.00000     0.00500
     3.20000     4.00000     5.00000     0.00000     0.00000     0.00000     0.00500
     3.30000     5.00000     6.00000     0.00000     0.00000     0.00000     0.00500
     3.40000     6.00000     7.00000     0.00000     0.00000     0.00000     0.00500
     3.50000     4.00000     5.00000     0.00000     0.00000     0.00000     0.00500
     3.60000     5.00000     6.00000     0.00000     0.00000     0.00000     0.00500
     3.70000     6.00000     7.00000     0.00000     0.00000     0.00000     0.00500
     3.80000     4.00000     5.00000     0.00000     0.00000     0.00000     0.00500
     3.90000     5.00000     6.00000     0.00000     0.00000     0.00000     0.00500
     4.00000     6.00000     7.00000     0.00000     0.00000     0.00000     0.00500
     4.10000     4.00000     5.00000     0.00000     0.00000     0.00000     0.00500
     4.20000     5.00000     6.00000     0.00000     0.00000     0.00000     0.00500
     4.30000     6.00000     7.00000     0.00000     0.00000     0.00000     0.00500
     4.40000     4.00000     5.00000     0.00000     0.00000     0.00000     0.00500
     4.50000     5.00000     6.00000     0.00000     0.00000     0.00000     0.00500
     4.60000     6.00000     7.00000     0.00000     0.00000     0.00000     0.00500
     4.70000     4.00000     5.00000     0.00000     0.00000     0.00000     0.00500
     4.80000     5.00000     6.00000     0.00000     0.00000     0.00000     0.00500
     4.90000     6.00000     7.00000     0.00000     0.00000     0.00000     0.00500
     5.00000     4.00000     5.00000     0.00000     0.00000     0.00000     0.00500
     5.10000     5.00000     6.00000     0.00000     0.00000     0.00000     0.00500
     5.20000     6.00000     7.00000     0.00000     0.00000     0.00000     0.00500
     5.30000     4.00000     5.00000     0.00000     0.00000     0.00000     0.00500
     5.40000     5.00000     6.00000     0.00000     0.00000     0.00000     0.00500
     5.50000     6.00000     7.00000     0.00000     0.00000     0.00000     0.00500
     5.60000     4.00000     5.00000     0.00000     0.00000     0.00000     0.00500
     5.70000     5.00000     6.00000     0.00000     0.00000     0.00000     0.00500
     5.80000     6.00000     7.00000     0.00000     0.00000     0.00000     0.00500
     5.90000     4.00000     5.00000     0.00000     0.00000     0.00000     0.00500
     6.00000     5.00000     6.00000     0.00000     0.00000     0.00000     0.00500
     6.10000     5.00000     6.00000     0.00000     0.00000     0.00000     0.00500
     6.20000     6.00000     7.00000     0.00000     0.00000     0.00000     0.00500
     6.30000     4.00000     5.00000     0.00000     0.00000     0.00000     0.00500
     6.40000     5.00000     6.00000     0.00000     0.00000     0.00000     0.00500
     6.50000     6.00000     7.00000     0.00000     0.00000     0.00000     0.00500
     6.60000     4.00000     5.00000     0.00000     0.00000     0.00000     0.00500
     6.70000     5.00000     6.00000     0.00000     0.00000     0.00000     0.00500
     6.80000     6.00000     7.00000     0.00000     0.00000     0.00000     0.00500
     6.90000     4.00000     5.00000     0.00000     0.00000     0.00000     0.00500
     7.00000     5.00000     6.00000     0.00000     0.00000     0.00000     0.00500
     7.10000     5.00000     6.00000     0.00000     0.00000     0.00000     0.00500
     7.20000     6.00000     7.00000     0.00000     0.00000     0.00000     0.00500
     7.30000     4.00000     5.00000     0.00000     0.00000     0.00000     0.00500
     7.40000     5.00000     6.00000     0.00000     0.00000     0.00000     0.00500
     7.50000     6.00000     7.00000     0.00000     0.00000     0.00000     0.00500
     7.60000     4.00000     5.00000     0.00000     0.00000     0.00000     0.00500
     7.70000     5.00000     6.00000     0.00000     0.00000     0.00000     0.00500
     7.80000     6.00000     7.00000     0.00000     0.00000     0.00000     0.00500
     7.90000     4.00000     5.00000     0.00000     0.00000     0.00000     0.00500
     8.00000     5.00000     6.00000     0.00000     0.00000     0.00000     0.00500
     8.10000     5.00000     6.00000     0.00000     0.00000     0.00000     0.00500
     8.20000     6.00000     7.00000     0.00000     0.00000     0.00000     0.00500
     8.30000     4.00000     5.00000     0.00000     0.00000     0.00000     0.00500
     8.40000     5.00000     6.00000     0.00000     0.00000     0.00000     0.00500
     8.50000     6.00000     7.00000     0.00000     0.00000     0.00000     0.00500
     8.60000     4.00000     5.00000     0.00000     0.00000     0.00000     0.00500
     8.70000     5.00000     6.00000     0.00000     0.00000     0.00000     0.00500
     8.80000     6.00000     7.00000     0.00000     0.00000     0.00000     0.00500
     8.90000     4.00000     5.00000     0.00000     0.00000     0.00000     0.00500
     9.00000     5.00000     6.00000     0.00000     0.00000     0.00000     0.00500
     5.01000     5.00000     6.00000     0.00000     0.00000     0.00000     0.00500
     5.02000     6.00000     7.00000     0.00000     0.00000     0.00000     0.00500
     5.03000     4.00000     5.00000     0.00000     0.00000     0.00000     0.00500
     5.04000     5.00000     6.00000     0.00000     0.00000     0.00000     0.00500
     5.05000     6.00000     7.00000     0.00000     0.00000     0.00000     0.00500
     5.06000     4.00000     5.00000     0.00000     0.00000     0.00000     0.00500
     5.07000     5.00000     6.00000     0.00000     0.00000     0.00000     0.00500
     5.08000     6.00000     7.00000     0.00000     0.00000     0.00000     0.00500
     5.09000     4.00000     5.00000     0.00000     0.00000     0.00000     0.00500
     6.00500     5.00000     6.00000     0.00000     0.00000     0.00000     0.00500
     6.01000     5.00000     6.00000     0.00000     0.00000     0.00000     0.00500
     6.02000     6.00000     7.00000     0.00000     0.00000     0.00000     0.00500
     6.03000     4.00000     5.00000     0.00000     0.00000     0.00000     0.00500
     6.04000     5.00000     6.00000     0.00000     0.00000     0.00000     0.00500
     6.05000     6.00000     7.00000     0.00000     0.00000     0.00000     0.00500
     6.06000     4.00000     5.00000     0.00000     0.00000     0.00000     0.00500
     6.07000     5.00000     6.00000     0.00000     0.00000     0.00000     0.00500
     6.08000     6.00000     7.00000     0.00000     0.00000     0.00000     0.00500
     6.09000     4.00000     5.00000     0.00000     0.00000     0.00000     0.00500
     7.00500     5.00000     6.00000     0.00000     0.00000     0.00000     0.00500
     7.01000     5.00000     6.00000     0.00000     0.00000     0.00000     0.00500
     7.02000     6.00000     7.00000     0.00000     0.00000     0.00000     0.00500
     7.03000     4.00000     5.00000     0.00000     0.00000     0.00000     0.00500
     7.04000     5.00000     6.00000     0.00000     0.00000     0.00000     0.00500
     7.05000     6.00000     7.00000     0.00000     0.00000     0.00000     0.00500
     7.06000     4.00000     5.00000     0.00000     0.00000     0.00000     0.00500
     7.07000     5.00000     6.00000     0.00000     0.00000     0.00000     0.00500
     7.08000     6.00000     7.00000     0.00000     0.00000     0.00000     0.00500
     7.09000     4.00000     5.00000     0.00000     0.00000     0.00000     0.00500
     8.00500     5.00000     6.00000     0.00000     0.00000     0.00000     0.00500
     1.01000     6.00000     7.00000     0.00000     0.00000     0.00000     0.00500
     2.01000     4.00000     5.00000     0.00000     0.00000     0.00000     0.00500
     3.01000     5.00000     6.00000     0.00000     0.00000     0.00000     0.00500
     1.01000     6.00000     7.00000     0.00000     0.00000     0.00000     0.00500
     2.00500     4.00000     5.00000     0.00000     0.00000     0.00000     0.00500
     3.00500     5.00000     6.00000     0.00000     0.00000     0.00000     0.00500
     1.00500     6.00000     7.00000     0.00000     0.00000     0.00000     0.00500
     2.00500     4.00000     5.00000     0.00000     0.00000     0.00000     0.00500
     3.00500     5.00000     6.00000     0.00000     0.00000     0.00000     0.00500
     1.02000     6.00000     7.00000     0.00000     0.00000     0.00000     0.00500
     2.02000     4.00000     5.00000     0.00000     0.00000     0.00000     0.00500
     3.02000     5.00000     6.00000     0.00000     0.00000     0.00000     0.00500
     1.03000     6.00000     7.00000     0.00000     0.00000     0.00000     0.00500
     2.03000     4.00000     5.00000     0.00000     0.00000     0.00000     0.00500
     3.03000     5.00000     6.00000     0.00000     0.00000     0.00000     0.00500
     1.04000     6.00000     7.00000     0.00000     0.00000     0.00000     0.00500
     2.04000     4.00000     5.00000     0.00000     0.00000     0.00000     0.00500
     3.04000     5.00000     6.00000     0.00000     0.00000     0.00000     0.00500
     1.05000     6.00000     7.00000     0.00000     0.00000     0.00000     0.00500
     2.05000     4.00000     5.00000     0.00000     0.00000     0.00000     0.00500
     3.05000     5.00000     6.00000     0.00000     0.00000     0.00000     0.00500
     1.06000     6.00000     7.00000     0.00000     0.00000     0.00000     0.00500
     2.06000     4.00000     5.00000     0.00000     0.00000     0.00000     0.00500
     3.06000     5.00000     6.00000     0.00000     0.00000     0.00000     0.00500
     1.07000     6.00000     7.00000     0.00000     0.00000     0.00000     0.00500
     2.07000     4.00000     5.00000     0.00000     0.00000     0.00000     0.00500
     3.07000     5.00000     6.00000     0.00000     0.00000     0.00000     0.00500
     1.08000     6.00000     7.00000     0.00000     0.00000     0.00000     0.00500
     2.08000     4.00000     5.00000     0.00000     0.00000     0.00000     0.00500
     3.08000     5.00000     6.00000     0.00000     0.00000     0.00000     0.00500
     1.09000     6.00000     7.00000     0.00000     0.00000     0.00000     0.00500
     2.09000     4.00000     5.00000     0.00000     0.00000     0.00000     0.00500
     3.09000     5.00000     6.00000     0.00000     0.00000     0.00000     0.00500
     1.00500     6.00000     7.00000     0.00000     0.00000     0.00000     0.00500
     1.10500     4.00000     5.00000     0.00000     0.00000     0.00000     0.00500
     1.20500     5.00000     6.00000     0.00000     0.00000     0.00000     0.00500
     1.30500     6.00000     7.00000     0.00000     0.00000     0.00000     0.00500
     1.40500     4.00000     5.00000     0.00000     0.00000     0.00000     0.00500
     1.50500     5.00000     6.00000     0.00000     0.00000     0.00000     0.00500
     1.60500     6.00000     7.00000     0.00000     0.00000     0.00000     0.00500
     1.70500     4.00000     5.00000     0.00000     0.00000     0.00000     0.00500
     1.80500     5.00000     6.00000     0.00000     0.00000     0.00000     0.00500
     1.90500     6.00000     7.00000     0.00000     0.00000     0.00000     0.00500
     2.00500     4.00000     5.00000     0.00000     0.00000     0.00000     0.00500
     2.10500     5.00000     6.00000     0.00000     0.00000     0.00000     0.00500
     2.20500     6.00000     7.00000     0.00000     0.00000     0.00000     0.00500
     2.30500     4.00000     5.00000     0.00000     0.00000     0.00000     0.00500
     2.40500     5.00000     6.00000     0.00000     0.00000     0.00000     0.00500
     2.50500     6.00000     7.00000     0.00000     0.00000     0.00000     0.00500
     9.01000     0.00000     0.00000     0.00000     0.00000     0.00000     0.00500
     30.00000     0.00000     0.00000     0.00000     0.00000     0.00000     0.00000
9999999.0000
