     1.00000     1.04472   -12.67272     0.00000     0.00000     0.00000     0.00000     0.00000     0.00000     3.00000
     2.00000     1.04093   -10.39851     0.00000     0.00000     0.00000     0.00000     0.00000     0.00000     3.00000
     3.00000     1.01154   -13.35962     0.00000     0.00000     3.22000     0.02400     0.00000     0.00000     3.00000
     4.00000     0.98016   -13.36702     0.00000     0.00000     0.00000     0.00000     0.00000     0.00000     3.00000
     5.00000     0.98015   -11.64421     0.00000     0.00000     0.00000     0.00000     0.00000     0.00000     3.00000
     6.00000     0.98384   -10.81301     0.00000     0.00000     0.00000     0.00000     0.00000     0.00000     3.00000
     7.00000     0.96669   -13.19002     0.00000     0.00000     0.00000     0.00000     0.00000     0.00000     3.00000
     8.00000     0.96456   -13.76052     0.00000     0.00000     0.00000     0.00000     0.00000     0.00000     3.00000
     9.00000     1.01518   -13.97062     0.00000     0.00000     0.00000     0.00000     0.00000     0.00000     3.00000
    10.00000     1.00015    -8.61981     0.00000     0.00000     0.00000     0.00000     0.00000     0.00000     3.00000
    11.00000     0.99342    -9.36841     0.00000     0.00000     0.00000     0.00000     0.00000     0.00000     3.00000
    12.00000     0.98108    -9.45771     0.00000     0.00000     0.07500     0.88000     0.00000     0.00000     3.00000
    13.00000     0.99642    -9.43741     0.00000     0.00000     0.00000     0.00000     0.00000     0.00000     3.00000
    14.00000     0.99230   -11.37841     0.00000     0.00000     0.00000     0.00000     0.00000     0.00000     3.00000
    15.00000     1.00060   -12.24122     0.00000     0.00000     3.20000     1.53000     0.00000     0.00000     3.00000
    16.00000     1.01914   -10.98181     0.00000     0.00000     3.29400     0.32300     0.00000     0.00000     3.00000
    17.00000     1.01540   -12.39932     0.00000     0.00000     0.00000     0.00000     0.00000     0.00000     3.00000
    18.00000     1.00584   -13.64882     0.00000     0.00000     1.58000     0.30000     0.00000     0.00000     3.00000
    19.00000     1.04521    -5.76720     0.00000     0.00000     0.00000     0.00000     0.00000     0.00000     3.00000
    20.00000     0.98864    -6.77191     0.00000     0.00000     6.28000     1.03000     0.00000     0.00000     3.00000
    21.00000     1.02287    -8.53721     0.00000     0.00000     2.74000     1.15000     0.00000     0.00000     3.00000
    22.00000     1.04503    -4.04250     0.00000     0.00000     0.00000     0.00000     0.00000     0.00000     3.00000
    23.00000     1.03986    -4.24230     0.00000     0.00000     2.47500     0.84600     0.00000     0.00000     3.00000
    24.00000     1.02580   -10.86241     0.00000     0.00000     3.08600    -0.92200     0.00000     0.00000     3.00000
    25.00000     1.05079    -9.10721     0.00000     0.00000     2.24000     0.47200     0.00000     0.00000     3.00000
    26.00000     1.04225   -10.44731     0.00000     0.00000     1.39000     0.17000     0.00000     0.00000     3.00000
    27.00000     1.02390   -12.52152     0.00000     0.00000     2.81000     0.75500     0.00000     0.00000     3.00000
    28.00000     1.04503    -6.90621     0.00000     0.00000     2.06000     0.27600     0.00000     0.00000     3.00000
    29.00000     1.04645    -4.13160     0.00000     0.00000     2.83500     0.26900     0.00000     0.00000     3.00000
    30.00000     1.04750    -7.96061     2.50000     1.90273     0.00000     0.00000     0.00000     0.00000     2.00000
    31.00000     0.98200     0.00000     6.86770     3.14319     0.09200     0.04600     0.00000     0.00000     1.00000
    32.00000     0.98310    -0.48690     6.50000     2.84022     0.00000     0.00000     0.00000     0.00000     2.00000
    33.00000     0.99720    -0.53910     6.32000     1.40393     0.00000     0.00000     0.00000     0.00000     2.00000
    34.00000     1.01230    -1.57630     5.08000     1.79881     0.00000     0.00000     0.00000     0.00000     2.00000
    35.00000     1.04930     0.94200     6.50000     2.46629     0.00000     0.00000     0.00000     0.00000     2.00000
    36.00000     1.06350     3.64300     5.60000     1.20580     0.00000     0.00000     0.00000     0.00000     2.00000
    37.00000     1.02780    -2.28840     5.40000     0.29834     0.00000     0.00000     0.00000     0.00000     2.00000
    38.00000     1.02650     2.94560     8.30000     0.45276     0.00000     0.00000     0.00000     0.00000     2.00000
    39.00000     1.03000   -14.01610    10.00000     1.52329    11.04000     2.50000     0.00000     0.00000     2.00000
    40.00000     0.95502   -17.04213     0.00000     0.00000     5.00000     1.84000     0.00000     0.00000     3.00000
    41.00000     0.95179   -14.93742     0.00000     0.00000     2.33800     1.14600     0.00000     0.00000     3.00000
    42.00000     0.93018   -17.76392     0.00000     0.00000     5.22000     2.48200     0.00000     0.00000     3.00000
    43.00000     0.99203   -14.77342     0.00000     0.00000     1.63200     1.12600     0.00000     0.00000     3.00000
9999999.0000
     1.00000     2.00000     0.00350     0.04110     0.69870     0.00000     0.00000
     1.00000    39.00000     0.00100     0.02500     0.75000     0.00000     0.00000                      
     2.00000     3.00000     0.00130     0.01510     0.25720     0.00000     0.00000
     2.00000    25.00000     0.00700     0.00860     0.14600     0.00000     0.00000
     2.00000    30.00000     0.00000     0.01810     0.00000     1.02500     0.00000
     3.00000     4.00000     0.00130     0.02130     0.22140     0.00000     0.00000
     3.00000    18.00000     0.00110     0.01330     0.21380     0.00000     0.00000
     4.00000     5.00000     0.00080     0.01280     0.13420     0.00000     0.00000
     4.00000    14.00000     0.00080     0.01290     0.13820     0.00000     0.00000
     4.00000    40.00000     0.00000     0.00300     0.00000     1.00000     0.00000
     5.00000     6.00000     0.00020     0.00260     0.04340     0.00000     0.00000
     5.00000     8.00000     0.00080     0.01120     0.14760     0.00000     0.00000
     6.00000     7.00000     0.00060     0.00920     0.11300     0.00000     0.00000
     6.00000    11.00000     0.00070     0.00820     0.13890     0.00000     0.00000
     6.00000    31.00000     0.00000     0.02500     0.00000     1.07000     0.00000
     7.00000     8.00000     0.00040     0.00460     0.07800     0.00000     0.00000
     7.00000    41.00000     0.00000     0.00300     0.00000     1.00000     0.00000
     8.00000     9.00000     0.00230     0.03630     0.38040     0.00000     0.00000
     8.00000    42.00000     0.00000     0.00300     0.00000     1.00000     0.00000
     9.00000    39.00000     0.00100     0.02500     1.20000     0.00000     0.00000
    10.00000    11.00000     0.00040     0.00430     0.07290     0.00000     0.00000
    10.00000    13.00000     0.00040     0.00430     0.07290     0.00000     0.00000
    10.00000    32.00000     0.00000     0.02000     0.00000     1.07000     0.00000
    12.00000    11.00000     0.00160     0.04350     0.00000     1.00600     0.00000
    12.00000    13.00000     0.00160     0.04350     0.00000     1.00600     0.00000
    13.00000    14.00000     0.00090     0.01010     0.17230     0.00000     0.00000
    14.00000    15.00000     0.00180     0.02170     0.36600     0.00000     0.00000
    15.00000    16.00000     0.00090     0.00940     0.17100     0.00000     0.00000
    16.00000    17.00000     0.00070     0.00890     0.13420     0.00000     0.00000
    16.00000    19.00000     0.00160     0.01950     0.30400     0.00000     0.00000
    16.00000    21.00000     0.00080     0.01350     0.25480     0.00000     0.00000
    16.00000    24.00000     0.00030     0.00590     0.06800     0.00000     0.00000
    17.00000    18.00000     0.00070     0.00820     0.13190     0.00000     0.00000
    17.00000    27.00000     0.00130     0.01730     0.32160     0.00000     0.00000
    18.00000    43.00000     0.00000     0.00300     0.00000     1.00000     0.00000
    19.00000    20.00000     0.00070     0.01380     0.00000     1.06000     0.00000
    19.00000    33.00000     0.00070     0.01420     0.00000     1.07000     0.00000
    20.00000    34.00000     0.00000     0.01800     0.00000     1.00000     0.00000
    21.00000    22.00000     0.00080     0.01400     0.25650     0.00000     0.00000
    22.00000    23.00000     0.00060     0.00960     0.18460     0.00000     0.00000
    22.00000    35.00000     0.00000     0.01430     0.00000     1.02500     0.00000
    23.00000    24.00000     0.00220     0.03500     0.36100     0.00000     0.00000
    23.00000    36.00000     0.00050     0.02720     0.00000     1.00000     0.00000
    25.00000    26.00000     0.00320     0.03230     0.51300     0.00000     0.00000
    25.00000    37.00000     0.00060     0.02320     0.00000     1.02500     0.00000
    26.00000    27.00000     0.00140     0.01470     0.23960     0.00000     0.00000
    26.00000    28.00000     0.00430     0.04740     0.78020     0.00000     0.00000
    26.00000    29.00000     0.00570     0.06250     1.02900     0.00000     0.00000
    28.00000    29.00000     0.00140     0.01510     0.24900     0.00000     0.00000
    29.00000    38.00000     0.00080     0.01560     0.00000     1.02500     0.00000
9999999.0000
     1.00000    30.00000   300.00000     0.00000     0.00000     0.00000     0.22400     0.00000     0.00000     0.00000     0.00000     0.00000     0.00000     0.00000     0.00000     6.00000     3.00000     0.00000     0.00000
     2.00000    31.00000   612.00000     0.00000     0.00000     0.00000     0.20290     0.00000     0.00000     0.00000     0.00000     0.00000     0.00000     0.00000     0.00000     6.00000     3.00000     0.00000     0.00000
     3.00000    32.00000   765.00000     0.00000     0.00000     0.00000     0.28050     0.00000     0.00000     0.00000     0.00000     0.00000     0.00000     0.00000     0.00000     6.00000     3.00000     0.00000     0.00000
     4.00000    33.00000   700.00000     0.00000     0.00000     0.00000     0.23300     0.00000     0.00000     0.00000     0.00000     0.00000     0.00000     0.00000     0.00000     6.00000     3.00000     0.00000     0.00000
     5.00000    34.00000   613.00000     0.00000     0.00000     0.00000     0.20290     0.00000     0.00000     0.00000     0.00000     0.00000     0.00000     0.00000     0.00000     6.00000     3.00000     0.00000     0.00000
     6.00000    35.00000   798.00000     0.00000     0.00000     0.00000     0.31400     0.00000     0.00000     0.00000     0.00000     0.00000     0.00000     0.00000     0.00000     6.00000     3.00000     0.00000     0.00000
     7.00000    36.00000   660.00000     0.00000     0.00000     0.00000     0.21500     0.00000     0.00000     0.00000     0.00000     0.00000     0.00000     0.00000     0.00000     6.00000     3.00000     0.00000     0.00000
     8.00000    37.00000   660.00000     0.00000     0.00000     0.00000     0.21500     0.00000     0.00000     0.00000     0.00000     0.00000     0.00000     0.00000     0.00000     6.00000     3.00000     0.00000     0.00000
     9.00000    38.00000  1151.00000     0.00000     0.00000     0.00000     0.24600     0.00000     0.00000     0.00000     0.00000     0.00000     0.00000     0.00000     0.00000     6.00000     3.00000     0.00000     0.00000
    10.00000    39.00000  2000.00000     0.00000     0.00000     0.00000     0.00500     0.00000     0.00000     0.00000     0.00000     0.00000     0.00000     0.00000     0.00000     6.00000     3.00000     0.00000     0.00000
9999999.0000
     0.00000     0.00000     0.00000     0.00000     0.00000     0.00000     0.00500
     1.00000     10.00000     32.00000     0.00000     0.00000     0.00000     0.00500
     1.10000     0.00000     0.00000     0.00000     0.00000     0.00000     0.00500
     30.00000     0.00000     0.00000     0.00000     0.00000     0.00000     0.00000
9999999.0000