     1.00000     1.04800    -9.43000     0.00000     0.00000     0.00000     0.00000     0.00000     0.00000     3.00000
     2.00000     1.05050    -6.89000     0.00000     0.00000     0.00000     0.00000     0.00000     0.00000     3.00000
     3.00000     1.03410    -9.73000     0.00000     0.00000     3.22000     0.02400     0.00000     0.00000     3.00000
     4.00000     1.01160   -10.53000     0.00000     0.00000     5.00000     1.84000     0.00000     1.00000     3.00000
     5.00000     1.01650    -9.38000     0.00000     0.00000     0.00000     0.00000     0.00000     2.00000     3.00000
     6.00000     1.01720    -8.68000     0.00000     0.00000     0.00000     0.00000     0.00000     0.00000     3.00000
     7.00000     1.00670   -10.84000     0.00000     0.00000     2.33800     8.40000     0.00000     0.00000     3.00000
     8.00000     1.00570   -11.34000     0.00000     0.00000     5.22000     1.76000     0.00000     0.00000     3.00000
     9.00000     1.03220   -11.15000     0.00000     0.00000     0.00000     0.00000     0.00000     0.00000     3.00000
    10.00000     1.02350    -6.31000     0.00000     0.00000     0.00000     0.00000     0.00000     0.00000     3.00000
    11.00000     1.02010    -7.12000     0.00000     0.00000     0.00000     0.00000     0.00000     0.00000     3.00000
    12.00000     1.00720    -7.14000     0.00000     0.00000     0.08500     0.88000     0.00000     0.00000     3.00000
    13.00000     1.02070    -7.02000     0.00000     0.00000     0.00000     0.00000     0.00000     0.00000     3.00000
    14.00000     1.01810    -8.66000     0.00000     0.00000     0.00000     0.00000     0.00000     0.00000     3.00000
    15.00000     1.01940    -9.06000     0.00000     0.00000     3.20000     1.53000     0.00000     0.00000     3.00000
    16.00000     1.03460    -7.66000     0.00000     0.00000     3.29400     3.23000     0.00000     0.00000     3.00000
    17.00000     1.03650    -8.65000     0.00000     0.00000     0.00000     0.00000     0.00000     0.00000     3.00000
    18.00000     1.03430    -9.49000     0.00000     0.00000     1.58000     0.30000     0.00000     0.00000     3.00000
    19.00000     1.05090    -3.04000     0.00000     0.00000     0.00000     0.00000     0.00000     0.00000     3.00000
    20.00000     0.99140    -4.45000     0.00000     0.00000     6.80000     1.03000     0.00000     0.00000     3.00000
    21.00000     1.03370    -5.26000     0.00000     0.00000     2.74000     1.15000     0.00000     0.00000     3.00000
    22.00000     1.05090    -0.82000     0.00000     0.00000     0.00000     0.00000     0.00000     0.00000     3.00000
    23.00000     1.04590    -1.02000     0.00000     0.00000     2.47500     0.84600     0.00000     0.00000     3.00000
    24.00000     1.03990    -7.54000     0.00000     0.00000     3.08600    -0.92200     0.00000     0.00000     3.00000
    25.00000     1.05870    -5.51000     0.00000     0.00000     2.24000     0.47200     0.00000     0.00000     3.00000
    26.00000     1.05360    -6.77000     0.00000     0.00000     1.39000     0.17000     0.00000     0.00000     3.00000
    27.00000     1.03990    -8.78000     0.00000     0.00000     2.81000     0.75500     0.00000     0.00000     3.00000
    28.00000     1.05090    -3.27000     0.00000     0.00000     2.06000     0.27600     0.00000     0.00000     3.00000
    29.00000     1.05050    -0.51000     0.00000     1.00000     2.83500     1.26900     0.00000     0.00000     2.00000
    30.00000     1.04750    -4.47000     2.50000     1.36210     0.00000     0.00000     0.00000     0.00000     2.00000
    31.00000     1.04000     0.00000     5.72930     1.70360     0.09200     0.04600     0.00000     0.00000     2.00000
    32.00000     0.98310     1.63000     6.50000     1.75900     0.00000     0.00000     0.00000     0.00000     2.00000
    33.00000     0.99720     2.18000     6.32000     1.03350     0.00000     0.00000     0.00000     0.00000     2.00000
    34.00000     1.01230     0.74000     5.08000     1.64000     0.00000     0.00000     0.00000     0.00000     2.00000
    35.00000     1.04930     4.14000     6.50000     2.08840     0.00000     0.00000     0.00000     0.00000     2.00000
    36.00000     1.06350     6.83000     5.60000     0.96880     0.00000     0.00000     0.00000     0.00000     2.00000
    37.00000     1.02780     1.26000     5.40000    -0.04440     0.00000     0.00000     0.00000     0.00000     2.00000
    38.00000     1.02650     6.55000     8.30000     0.19390     0.00000     0.00000     0.00000     0.00000     2.00000
    39.00000     1.03000   -10.96000    10.00000     0.68460    11.04000     2.50000     0.00000     0.00000     1.00000
9999999.0000
     1.00000     2.00000     0.00350     0.04110     0.69870     0.00000     0.00000
     1.00000    39.00000     0.00100     0.02500     0.75000     0.00000     0.00000       
     2.00000     3.00000     0.00130     0.01510     0.25720     0.00000     0.00000
     2.00000    25.00000     0.00700     0.00860     0.14600     0.00000     0.00000
     2.00000    30.00000     0.00000     0.01810     0.00000     1.02500     0.00000
     3.00000     4.00000     0.00130     0.02130     0.22140     0.00000     0.00000
     3.00000    18.00000     0.00110     0.01330     0.21380     0.00000     0.00000
     4.00000     5.00000     0.00080     0.01280     0.13420     0.00000     0.00000
     4.00000    14.00000     0.00080     0.01290     0.13820     0.00000     0.00000
     5.00000     8.00000     0.00080     0.01120     0.14760     0.00000     0.00000
     6.00000     5.00000     0.00020     0.00260     0.04340     0.00000     0.00000    
     6.00000     7.00000     0.00060     0.00920     0.11300     0.00000     0.00000
     6.00000    11.00000     0.00070     0.00820     0.13890     0.00000     0.00000
     7.00000     8.00000     0.00040     0.00460     0.07800     0.00000     0.00000
     8.00000     9.00000     0.00230     0.03630     0.38040     0.00000     0.00000
     9.00000    39.00000     0.00100     0.02500     1.20000     0.00000     0.00000
    10.00000    11.00000     0.00040     0.00430     0.07290     0.00000     0.00000
    10.00000    13.00000     0.00040     0.00430     0.07290     0.00000     0.00000
    10.00000    32.00000     0.00000     0.02000     0.00000     1.07000     0.00000
    12.00000    11.00000     0.00160     0.04350     0.00000     1.00600     0.00000
    12.00000    13.00000     0.00160     0.04350     0.00000     1.00600     0.00000
    13.00000    14.00000     0.00090     0.01010     0.17230     0.00000     0.00000
    14.00000    15.00000     0.00180     0.02170     0.36600     0.00000     0.00000
    15.00000    16.00000     0.00090     0.00940     0.17100     0.00000     0.00000
    16.00000    17.00000     0.00070     0.00890     0.13420     0.00000     0.00000
    16.00000    19.00000     0.00160     0.01950     0.30400     0.00000     0.00000
    16.00000    21.00000     0.00080     0.01350     0.25480     0.00000     0.00000
    16.00000    24.00000     0.00030     0.00590     0.06800     0.00000     0.00000
    17.00000    18.00000     0.00070     0.00820     0.13190     0.00000     0.00000
    17.00000    27.00000     0.00130     0.01730     0.32160     0.00000     0.00000
    19.00000    20.00000     0.00070     0.01380     0.00000     1.06000     0.00000
    19.00000    33.00000     0.00070     0.01420     0.00000     1.07000     0.00000
    20.00000    34.00000     0.00090     0.01800     0.00000     1.00900     0.00000
    21.00000    22.00000     0.00080     0.01400     0.25650     0.00000     0.00000
    22.00000    23.00000     0.00060     0.00960     0.18460     0.00000     0.00000
    22.00000    35.00000     0.00000     0.01430     0.00000     1.02500     0.00000
    23.00000    24.00000     0.00220     0.03500     0.36100     0.00000     0.00000
    23.00000    36.00000     0.00050     0.02720     0.00000     1.00000     0.00000
    25.00000    26.00000     0.00320     0.03230     0.51300     0.00000     0.00000
    25.00000    37.00000     0.00060     0.02320     0.00000     1.02500     0.00000
    26.00000    27.00000     0.00140     0.01470     0.23960     0.00000     0.00000
    26.00000    28.00000     0.00430     0.04740     0.78020     0.00000     0.00000
    26.00000    29.00000     0.00570     0.06250     1.02900     0.00000     0.00000
    28.00000    29.00000     0.00140     0.01510     0.24900     0.00000     0.00000
    29.00000    38.00000     0.00080     0.01560     0.00000     1.02500     0.00000
    31.00000     6.00000     0.00000     0.02500     0.00000     0.90000     0.00000
9999999.0000
     1.00000    30.00000  1000.00000     0.12500     0.00000     0.00000     0.31000     0.00000     0.00000     0.00000     0.00000     0.00000     0.00000     0.00000     0.00000     4.20000     4.20000     0.00000    30.00000
     2.00000    31.00000  1000.00000     0.35000     0.00000     0.00000     0.69700     0.00000     0.00000     0.00000     0.00000     0.00000     0.00000     0.00000     0.00000     3.03000     3.03000     0.00000    31.00000
     3.00000    32.00000  1000.00000     0.30400     0.00000     0.00000     0.53100     0.00000     0.00000     0.00000     0.00000     0.00000     0.00000     0.00000     0.00000     3.58000     3.58000     0.00000    32.00000
     4.00000    33.00000  1000.00000     0.29500     0.00000     0.00000     0.43600     0.00000     0.00000     0.00000     0.00000     0.00000     0.00000     0.00000     0.00000     2.86000     2.86000     0.00000    33.00000
     5.00000    34.00000  1000.00000     0.54000     0.00000     0.00000     1.32000     0.00000     0.00000     0.00000     0.00000     0.00000     0.00000     0.00000     0.00000     2.60000     2.60000     0.00000    34.00000
     6.00000    35.00000  1000.00000     0.22400     0.00000     0.00000     0.50000     0.00000     0.00000     0.00000     0.00000     0.00000     0.00000     0.00000     0.00000     3.48000     3.48000     0.00000    35.00000
     7.00000    36.00000  1000.00000     0.32200     0.00000     0.00000     0.49000     0.00000     0.00000     0.00000     0.00000     0.00000     0.00000     0.00000     0.00000     2.64000     2.64000     0.00000    36.00000
     8.00000    37.00000  1000.00000     0.28000     0.00000     0.00000     0.57000     0.00000     0.00000     0.00000     0.00000     0.00000     0.00000     0.00000     0.00000     2.43000     2.43000     0.00000    37.00000
     9.00000    38.00000  1000.00000     0.29800     0.00000     0.00000     0.57000     0.00000     0.00000     0.00000     0.00000     0.00000     0.00000     0.00000     0.00000     3.45000     3.45000     0.00000    38.00000
    10.00000    39.00000  1000.00000     0.03000     0.00000     0.00000     0.06000     0.00000     0.00000     0.00000     0.00000     0.00000     0.00000     0.00000     0.00000    50.00000    50.00000     0.00000    39.00000
9999999.0000
     0.00000     0.00000     0.00000     0.00000     0.00000     0.00000     0.00500
     1.00000     6.00000     7.00000     0.00000     0.00000     0.00000     0.00500
     1.10000     4.00000     5.00000     0.00000     0.00000     0.00000     0.00500
     1.20000     5.00000     6.00000     0.00000     0.00000     0.00000     0.00500
     1.30000     6.00000     7.00000     0.00000     0.00000     0.00000     0.00500
     1.40000     4.00000     5.00000     0.00000     0.00000     0.00000     0.00500
     1.50000     5.00000     6.00000     0.00000     0.00000     0.00000     0.00500
     1.60000     6.00000     7.00000     0.00000     0.00000     0.00000     0.00500
     1.70000     4.00000     5.00000     0.00000     0.00000     0.00000     0.00500
     1.80000     5.00000     6.00000     0.00000     0.00000     0.00000     0.00500
     1.90000     6.00000     7.00000     0.00000     0.00000     0.00000     0.00500
     2.00000     4.00000     5.00000     0.00000     0.00000     0.00000     0.00500
     2.10000     5.00000     6.00000     0.00000     0.00000     0.00000     0.00500
     2.20000     6.00000     7.00000     0.00000     0.00000     0.00000     0.00500
     2.30000     4.00000     5.00000     0.00000     0.00000     0.00000     0.00500
     2.40000     5.00000     6.00000     0.00000     0.00000     0.00000     0.00500
     2.50000     6.00000     7.00000     0.00000     0.00000     0.00000     0.00500
     2.60000     4.00000     5.00000     0.00000     0.00000     0.00000     0.00500
     2.70000     5.00000     6.00000     0.00000     0.00000     0.00000     0.00500
     2.80000     6.00000     7.00000     0.00000     0.00000     0.00000     0.00500
     2.90000     4.00000     5.00000     0.00000     0.00000     0.00000     0.00500
     3.00000     5.00000     6.00000     0.00000     0.00000     0.00000     0.00500
     3.10000     6.00000     7.00000     0.00000     0.00000     0.00000     0.00500
     3.20000     4.00000     5.00000     0.00000     0.00000     0.00000     0.00500
     3.30000     5.00000     6.00000     0.00000     0.00000     0.00000     0.00500
     3.40000     6.00000     7.00000     0.00000     0.00000     0.00000     0.00500
     3.50000     4.00000     5.00000     0.00000     0.00000     0.00000     0.00500
     3.60000     5.00000     6.00000     0.00000     0.00000     0.00000     0.00500
     3.70000     6.00000     7.00000     0.00000     0.00000     0.00000     0.00500
     3.80000     4.00000     5.00000     0.00000     0.00000     0.00000     0.00500
     3.90000     5.00000     6.00000     0.00000     0.00000     0.00000     0.00500
     4.00000     6.00000     7.00000     0.00000     0.00000     0.00000     0.00500
     4.10000     4.00000     5.00000     0.00000     0.00000     0.00000     0.00500
     4.20000     5.00000     6.00000     0.00000     0.00000     0.00000     0.00500
     4.30000     6.00000     7.00000     0.00000     0.00000     0.00000     0.00500
     4.40000     4.00000     5.00000     0.00000     0.00000     0.00000     0.00500
     4.50000     5.00000     6.00000     0.00000     0.00000     0.00000     0.00500
     4.60000     6.00000     7.00000     0.00000     0.00000     0.00000     0.00500
     4.70000     4.00000     5.00000     0.00000     0.00000     0.00000     0.00500
     4.80000     5.00000     6.00000     0.00000     0.00000     0.00000     0.00500
     4.90000     6.00000     7.00000     0.00000     0.00000     0.00000     0.00500
     5.00000     4.00000     5.00000     0.00000     0.00000     0.00000     0.00500
     5.10000     5.00000     6.00000     0.00000     0.00000     0.00000     0.00500
     5.20000     6.00000     7.00000     0.00000     0.00000     0.00000     0.00500
     5.30000     4.00000     5.00000     0.00000     0.00000     0.00000     0.00500
     5.40000     5.00000     6.00000     0.00000     0.00000     0.00000     0.00500
     5.50000     6.00000     7.00000     0.00000     0.00000     0.00000     0.00500
     5.60000     4.00000     5.00000     0.00000     0.00000     0.00000     0.00500
     5.70000     5.00000     6.00000     0.00000     0.00000     0.00000     0.00500
     5.80000     6.00000     7.00000     0.00000     0.00000     0.00000     0.00500
     5.90000     4.00000     5.00000     0.00000     0.00000     0.00000     0.00500
     6.00000     5.00000     6.00000     0.00000     0.00000     0.00000     0.00500
     6.10000     5.00000     6.00000     0.00000     0.00000     0.00000     0.00500
     6.20000     6.00000     7.00000     0.00000     0.00000     0.00000     0.00500
     6.30000     4.00000     5.00000     0.00000     0.00000     0.00000     0.00500
     6.40000     5.00000     6.00000     0.00000     0.00000     0.00000     0.00500
     6.50000     6.00000     7.00000     0.00000     0.00000     0.00000     0.00500
     6.60000     4.00000     5.00000     0.00000     0.00000     0.00000     0.00500
     6.70000     5.00000     6.00000     0.00000     0.00000     0.00000     0.00500
     6.80000     6.00000     7.00000     0.00000     0.00000     0.00000     0.00500
     6.90000     4.00000     5.00000     0.00000     0.00000     0.00000     0.00500
     7.00000     5.00000     6.00000     0.00000     0.00000     0.00000     0.00500
     7.10000     5.00000     6.00000     0.00000     0.00000     0.00000     0.00500
     7.20000     6.00000     7.00000     0.00000     0.00000     0.00000     0.00500
     7.30000     4.00000     5.00000     0.00000     0.00000     0.00000     0.00500
     7.40000     5.00000     6.00000     0.00000     0.00000     0.00000     0.00500
     7.50000     6.00000     7.00000     0.00000     0.00000     0.00000     0.00500
     7.60000     4.00000     5.00000     0.00000     0.00000     0.00000     0.00500
     7.70000     5.00000     6.00000     0.00000     0.00000     0.00000     0.00500
     7.80000     6.00000     7.00000     0.00000     0.00000     0.00000     0.00500
     7.90000     4.00000     5.00000     0.00000     0.00000     0.00000     0.00500
     8.00000     5.00000     6.00000     0.00000     0.00000     0.00000     0.00500
     8.10000     5.00000     6.00000     0.00000     0.00000     0.00000     0.00500
     8.20000     6.00000     7.00000     0.00000     0.00000     0.00000     0.00500
     8.30000     4.00000     5.00000     0.00000     0.00000     0.00000     0.00500
     8.40000     5.00000     6.00000     0.00000     0.00000     0.00000     0.00500
     8.50000     6.00000     7.00000     0.00000     0.00000     0.00000     0.00500
     8.60000     4.00000     5.00000     0.00000     0.00000     0.00000     0.00500
     8.70000     5.00000     6.00000     0.00000     0.00000     0.00000     0.00500
     8.80000     6.00000     7.00000     0.00000     0.00000     0.00000     0.00500
     8.90000     4.00000     5.00000     0.00000     0.00000     0.00000     0.00500
     9.00000     5.00000     6.00000     0.00000     0.00000     0.00000     0.00500
     5.01000     5.00000     6.00000     0.00000     0.00000     0.00000     0.00500
     5.02000     6.00000     7.00000     0.00000     0.00000     0.00000     0.00500
     5.03000     4.00000     5.00000     0.00000     0.00000     0.00000     0.00500
     5.04000     5.00000     6.00000     0.00000     0.00000     0.00000     0.00500
     5.05000     6.00000     7.00000     0.00000     0.00000     0.00000     0.00500
     5.06000     4.00000     5.00000     0.00000     0.00000     0.00000     0.00500
     5.07000     5.00000     6.00000     0.00000     0.00000     0.00000     0.00500
     5.08000     6.00000     7.00000     0.00000     0.00000     0.00000     0.00500
     5.09000     4.00000     5.00000     0.00000     0.00000     0.00000     0.00500
     6.00500     5.00000     6.00000     0.00000     0.00000     0.00000     0.00500
     6.01000     5.00000     6.00000     0.00000     0.00000     0.00000     0.00500
     6.02000     6.00000     7.00000     0.00000     0.00000     0.00000     0.00500
     6.03000     4.00000     5.00000     0.00000     0.00000     0.00000     0.00500
     6.04000     5.00000     6.00000     0.00000     0.00000     0.00000     0.00500
     6.05000     6.00000     7.00000     0.00000     0.00000     0.00000     0.00500
     6.06000     4.00000     5.00000     0.00000     0.00000     0.00000     0.00500
     6.07000     5.00000     6.00000     0.00000     0.00000     0.00000     0.00500
     6.08000     6.00000     7.00000     0.00000     0.00000     0.00000     0.00500
     6.09000     4.00000     5.00000     0.00000     0.00000     0.00000     0.00500
     7.00500     5.00000     6.00000     0.00000     0.00000     0.00000     0.00500
     7.01000     5.00000     6.00000     0.00000     0.00000     0.00000     0.00500
     7.02000     6.00000     7.00000     0.00000     0.00000     0.00000     0.00500
     7.03000     4.00000     5.00000     0.00000     0.00000     0.00000     0.00500
     7.04000     5.00000     6.00000     0.00000     0.00000     0.00000     0.00500
     7.05000     6.00000     7.00000     0.00000     0.00000     0.00000     0.00500
     7.06000     4.00000     5.00000     0.00000     0.00000     0.00000     0.00500
     7.07000     5.00000     6.00000     0.00000     0.00000     0.00000     0.00500
     7.08000     6.00000     7.00000     0.00000     0.00000     0.00000     0.00500
     7.09000     4.00000     5.00000     0.00000     0.00000     0.00000     0.00500
     8.00500     5.00000     6.00000     0.00000     0.00000     0.00000     0.00500
     1.01000     6.00000     7.00000     0.00000     0.00000     0.00000     0.00500
     2.01000     4.00000     5.00000     0.00000     0.00000     0.00000     0.00500
     3.01000     5.00000     6.00000     0.00000     0.00000     0.00000     0.00500
     1.01000     6.00000     7.00000     0.00000     0.00000     0.00000     0.00500
     2.00500     4.00000     5.00000     0.00000     0.00000     0.00000     0.00500
     3.00500     5.00000     6.00000     0.00000     0.00000     0.00000     0.00500
     1.00500     6.00000     7.00000     0.00000     0.00000     0.00000     0.00500
     2.00500     4.00000     5.00000     0.00000     0.00000     0.00000     0.00500
     3.00500     5.00000     6.00000     0.00000     0.00000     0.00000     0.00500
     1.02000     6.00000     7.00000     0.00000     0.00000     0.00000     0.00500
     2.02000     4.00000     5.00000     0.00000     0.00000     0.00000     0.00500
     3.02000     5.00000     6.00000     0.00000     0.00000     0.00000     0.00500
     1.03000     6.00000     7.00000     0.00000     0.00000     0.00000     0.00500
     2.03000     4.00000     5.00000     0.00000     0.00000     0.00000     0.00500
     3.03000     5.00000     6.00000     0.00000     0.00000     0.00000     0.00500
     1.04000     6.00000     7.00000     0.00000     0.00000     0.00000     0.00500
     2.04000     4.00000     5.00000     0.00000     0.00000     0.00000     0.00500
     3.04000     5.00000     6.00000     0.00000     0.00000     0.00000     0.00500
     1.05000     6.00000     7.00000     0.00000     0.00000     0.00000     0.00500
     2.05000     4.00000     5.00000     0.00000     0.00000     0.00000     0.00500
     3.05000     5.00000     6.00000     0.00000     0.00000     0.00000     0.00500
     1.06000     6.00000     7.00000     0.00000     0.00000     0.00000     0.00500
     2.06000     4.00000     5.00000     0.00000     0.00000     0.00000     0.00500
     3.06000     5.00000     6.00000     0.00000     0.00000     0.00000     0.00500
     1.07000     6.00000     7.00000     0.00000     0.00000     0.00000     0.00500
     2.07000     4.00000     5.00000     0.00000     0.00000     0.00000     0.00500
     3.07000     5.00000     6.00000     0.00000     0.00000     0.00000     0.00500
     1.08000     6.00000     7.00000     0.00000     0.00000     0.00000     0.00500
     2.08000     4.00000     5.00000     0.00000     0.00000     0.00000     0.00500
     3.08000     5.00000     6.00000     0.00000     0.00000     0.00000     0.00500
     1.09000     6.00000     7.00000     0.00000     0.00000     0.00000     0.00500
     2.09000     4.00000     5.00000     0.00000     0.00000     0.00000     0.00500
     3.09000     5.00000     6.00000     0.00000     0.00000     0.00000     0.00500
     1.00000     6.00000     7.00000     0.00000     0.00000     0.00000     0.00500
     1.10000     4.00000     5.00000     0.00000     0.00000     0.00000     0.00500
     1.20000     5.00000     6.00000     0.00000     0.00000     0.00000     0.00500
     1.30000     6.00000     7.00000     0.00000     0.00000     0.00000     0.00500
     1.40000     4.00000     5.00000     0.00000     0.00000     0.00000     0.00500
     1.50000     5.00000     6.00000     0.00000     0.00000     0.00000     0.00500
     1.60000     6.00000     7.00000     0.00000     0.00000     0.00000     0.00500
     1.70000     4.00000     5.00000     0.00000     0.00000     0.00000     0.00500
     1.80000     5.00000     6.00000     0.00000     0.00000     0.00000     0.00500
     1.90000     6.00000     7.00000     0.00000     0.00000     0.00000     0.00500
     2.00000     4.00000     5.00000     0.00000     0.00000     0.00000     0.00500
     2.10000     5.00000     6.00000     0.00000     0.00000     0.00000     0.00500
     2.20000     6.00000     7.00000     0.00000     0.00000     0.00000     0.00500
     2.30000     4.00000     5.00000     0.00000     0.00000     0.00000     0.00500
     2.40000     5.00000     6.00000     0.00000     0.00000     0.00000     0.00500
     2.50000     6.00000     7.00000     0.00000     0.00000     0.00000     0.00500
     2.60000     4.00000     5.00000     0.00000     0.00000     0.00000     0.00500
     2.70000     5.00000     6.00000     0.00000     0.00000     0.00000     0.00500
     2.80000     6.00000     7.00000     0.00000     0.00000     0.00000     0.00500
     2.90000     4.00000     5.00000     0.00000     0.00000     0.00000     0.00500
     3.00000     5.00000     6.00000     0.00000     0.00000     0.00000     0.00500
     3.10000     6.00000     7.00000     0.00000     0.00000     0.00000     0.00500
     3.20000     4.00000     5.00000     0.00000     0.00000     0.00000     0.00500
     3.30000     5.00000     6.00000     0.00000     0.00000     0.00000     0.00500
     3.40000     6.00000     7.00000     0.00000     0.00000     0.00000     0.00500
     3.50000     4.00000     5.00000     0.00000     0.00000     0.00000     0.00500
     3.60000     5.00000     6.00000     0.00000     0.00000     0.00000     0.00500
     3.70000     6.00000     7.00000     0.00000     0.00000     0.00000     0.00500
     3.80000     4.00000     5.00000     0.00000     0.00000     0.00000     0.00500
     3.90000     5.00000     6.00000     0.00000     0.00000     0.00000     0.00500
     4.00000     6.00000     7.00000     0.00000     0.00000     0.00000     0.00500
     4.10000     4.00000     5.00000     0.00000     0.00000     0.00000     0.00500
     4.20000     5.00000     6.00000     0.00000     0.00000     0.00000     0.00500
     4.30000     6.00000     7.00000     0.00000     0.00000     0.00000     0.00500
     4.40000     4.00000     5.00000     0.00000     0.00000     0.00000     0.00500
     4.50000     5.00000     6.00000     0.00000     0.00000     0.00000     0.00500
     4.60000     6.00000     7.00000     0.00000     0.00000     0.00000     0.00500
     4.70000     4.00000     5.00000     0.00000     0.00000     0.00000     0.00500
     4.80000     5.00000     6.00000     0.00000     0.00000     0.00000     0.00500
     4.90000     6.00000     7.00000     0.00000     0.00000     0.00000     0.00500
     5.00000     4.00000     5.00000     0.00000     0.00000     0.00000     0.00500
     5.10000     5.00000     6.00000     0.00000     0.00000     0.00000     0.00500
     5.20000     6.00000     7.00000     0.00000     0.00000     0.00000     0.00500
     5.30000     4.00000     5.00000     0.00000     0.00000     0.00000     0.00500
     5.40000     5.00000     6.00000     0.00000     0.00000     0.00000     0.00500
     5.50000     6.00000     7.00000     0.00000     0.00000     0.00000     0.00500
     5.60000     4.00000     5.00000     0.00000     0.00000     0.00000     0.00500
     5.70000     5.00000     6.00000     0.00000     0.00000     0.00000     0.00500
     5.80000     6.00000     7.00000     0.00000     0.00000     0.00000     0.00500
     5.90000     4.00000     5.00000     0.00000     0.00000     0.00000     0.00500
     6.00000     5.00000     6.00000     0.00000     0.00000     0.00000     0.00500
     6.10000     5.00000     6.00000     0.00000     0.00000     0.00000     0.00500
     6.20000     6.00000     7.00000     0.00000     0.00000     0.00000     0.00500
     6.30000     4.00000     5.00000     0.00000     0.00000     0.00000     0.00500
     6.40000     5.00000     6.00000     0.00000     0.00000     0.00000     0.00500
     6.50000     6.00000     7.00000     0.00000     0.00000     0.00000     0.00500
     6.60000     4.00000     5.00000     0.00000     0.00000     0.00000     0.00500
     6.70000     5.00000     6.00000     0.00000     0.00000     0.00000     0.00500
     6.80000     6.00000     7.00000     0.00000     0.00000     0.00000     0.00500
     6.90000     4.00000     5.00000     0.00000     0.00000     0.00000     0.00500
     7.00000     5.00000     6.00000     0.00000     0.00000     0.00000     0.00500
     7.10000     5.00000     6.00000     0.00000     0.00000     0.00000     0.00500
     7.20000     6.00000     7.00000     0.00000     0.00000     0.00000     0.00500
     7.30000     4.00000     5.00000     0.00000     0.00000     0.00000     0.00500
     7.40000     5.00000     6.00000     0.00000     0.00000     0.00000     0.00500
     7.50000     6.00000     7.00000     0.00000     0.00000     0.00000     0.00500
     7.60000     4.00000     5.00000     0.00000     0.00000     0.00000     0.00500
     7.70000     5.00000     6.00000     0.00000     0.00000     0.00000     0.00500
     7.80000     6.00000     7.00000     0.00000     0.00000     0.00000     0.00500
     7.90000     4.00000     5.00000     0.00000     0.00000     0.00000     0.00500
     8.00000     5.00000     6.00000     0.00000     0.00000     0.00000     0.00500
     8.10000     5.00000     6.00000     0.00000     0.00000     0.00000     0.00500
     8.20000     6.00000     7.00000     0.00000     0.00000     0.00000     0.00500
     8.30000     4.00000     5.00000     0.00000     0.00000     0.00000     0.00500
     8.40000     5.00000     6.00000     0.00000     0.00000     0.00000     0.00500
     8.50000     6.00000     7.00000     0.00000     0.00000     0.00000     0.00500
     8.60000     4.00000     5.00000     0.00000     0.00000     0.00000     0.00500
     8.70000     5.00000     6.00000     0.00000     0.00000     0.00000     0.00500
     8.80000     6.00000     7.00000     0.00000     0.00000     0.00000     0.00500
     8.90000     4.00000     5.00000     0.00000     0.00000     0.00000     0.00500
     9.00000     5.00000     6.00000     0.00000     0.00000     0.00000     0.00500
     5.01000     5.00000     6.00000     0.00000     0.00000     0.00000     0.00500
     5.02000     6.00000     7.00000     0.00000     0.00000     0.00000     0.00500
     5.03000     4.00000     5.00000     0.00000     0.00000     0.00000     0.00500
     5.04000     5.00000     6.00000     0.00000     0.00000     0.00000     0.00500
     5.05000     6.00000     7.00000     0.00000     0.00000     0.00000     0.00500
     5.06000     4.00000     5.00000     0.00000     0.00000     0.00000     0.00500
     5.07000     5.00000     6.00000     0.00000     0.00000     0.00000     0.00500
     5.08000     6.00000     7.00000     0.00000     0.00000     0.00000     0.00500
     5.09000     4.00000     5.00000     0.00000     0.00000     0.00000     0.00500
     6.00500     5.00000     6.00000     0.00000     0.00000     0.00000     0.00500
     6.01000     5.00000     6.00000     0.00000     0.00000     0.00000     0.00500
     6.02000     6.00000     7.00000     0.00000     0.00000     0.00000     0.00500
     6.03000     4.00000     5.00000     0.00000     0.00000     0.00000     0.00500
     6.04000     5.00000     6.00000     0.00000     0.00000     0.00000     0.00500
     6.05000     6.00000     7.00000     0.00000     0.00000     0.00000     0.00500
     6.06000     4.00000     5.00000     0.00000     0.00000     0.00000     0.00500
     6.07000     5.00000     6.00000     0.00000     0.00000     0.00000     0.00500
     6.08000     6.00000     7.00000     0.00000     0.00000     0.00000     0.00500
     6.09000     4.00000     5.00000     0.00000     0.00000     0.00000     0.00500
     7.00500     5.00000     6.00000     0.00000     0.00000     0.00000     0.00500
     7.01000     5.00000     6.00000     0.00000     0.00000     0.00000     0.00500
     7.02000     6.00000     7.00000     0.00000     0.00000     0.00000     0.00500
     7.03000     4.00000     5.00000     0.00000     0.00000     0.00000     0.00500
     7.04000     5.00000     6.00000     0.00000     0.00000     0.00000     0.00500
     7.05000     6.00000     7.00000     0.00000     0.00000     0.00000     0.00500
     7.06000     4.00000     5.00000     0.00000     0.00000     0.00000     0.00500
     7.07000     5.00000     6.00000     0.00000     0.00000     0.00000     0.00500
     7.08000     6.00000     7.00000     0.00000     0.00000     0.00000     0.00500
     7.09000     4.00000     5.00000     0.00000     0.00000     0.00000     0.00500
     8.00500     5.00000     6.00000     0.00000     0.00000     0.00000     0.00500
     1.01000     6.00000     7.00000     0.00000     0.00000     0.00000     0.00500
     2.01000     4.00000     5.00000     0.00000     0.00000     0.00000     0.00500
     3.01000     5.00000     6.00000     0.00000     0.00000     0.00000     0.00500
     1.01000     6.00000     7.00000     0.00000     0.00000     0.00000     0.00500
     2.00500     4.00000     5.00000     0.00000     0.00000     0.00000     0.00500
     3.00500     5.00000     6.00000     0.00000     0.00000     0.00000     0.00500
     1.00500     6.00000     7.00000     0.00000     0.00000     0.00000     0.00500
     2.00500     4.00000     5.00000     0.00000     0.00000     0.00000     0.00500
     3.00500     5.00000     6.00000     0.00000     0.00000     0.00000     0.00500
     1.02000     6.00000     7.00000     0.00000     0.00000     0.00000     0.00500
     2.02000     4.00000     5.00000     0.00000     0.00000     0.00000     0.00500
     3.02000     5.00000     6.00000     0.00000     0.00000     0.00000     0.00500
     1.03000     6.00000     7.00000     0.00000     0.00000     0.00000     0.00500
     2.03000     4.00000     5.00000     0.00000     0.00000     0.00000     0.00500
     3.03000     5.00000     6.00000     0.00000     0.00000     0.00000     0.00500
     1.04000     6.00000     7.00000     0.00000     0.00000     0.00000     0.00500
     2.04000     4.00000     5.00000     0.00000     0.00000     0.00000     0.00500
     3.04000     5.00000     6.00000     0.00000     0.00000     0.00000     0.00500
     1.05000     6.00000     7.00000     0.00000     0.00000     0.00000     0.00500
     2.05000     4.00000     5.00000     0.00000     0.00000     0.00000     0.00500
     3.05000     5.00000     6.00000     0.00000     0.00000     0.00000     0.00500
     1.06000     6.00000     7.00000     0.00000     0.00000     0.00000     0.00500
     2.06000     4.00000     5.00000     0.00000     0.00000     0.00000     0.00500
     3.06000     5.00000     6.00000     0.00000     0.00000     0.00000     0.00500
     1.07000     6.00000     7.00000     0.00000     0.00000     0.00000     0.00500
     2.07000     4.00000     5.00000     0.00000     0.00000     0.00000     0.00500
     3.07000     5.00000     6.00000     0.00000     0.00000     0.00000     0.00500
     1.08000     6.00000     7.00000     0.00000     0.00000     0.00000     0.00500
     2.08000     4.00000     5.00000     0.00000     0.00000     0.00000     0.00500
     3.08000     5.00000     6.00000     0.00000     0.00000     0.00000     0.00500
     1.09000     6.00000     7.00000     0.00000     0.00000     0.00000     0.00500
     2.09000     4.00000     5.00000     0.00000     0.00000     0.00000     0.00500
     3.09000     5.00000     6.00000     0.00000     0.00000     0.00000     0.00500
     1.00000     6.00000     7.00000     0.00000     0.00000     0.00000     0.00500
     1.10000     4.00000     5.00000     0.00000     0.00000     0.00000     0.00500
     1.20000     5.00000     6.00000     0.00000     0.00000     0.00000     0.00500
     1.30000     6.00000     7.00000     0.00000     0.00000     0.00000     0.00500
     1.40000     4.00000     5.00000     0.00000     0.00000     0.00000     0.00500
     1.50000     5.00000     6.00000     0.00000     0.00000     0.00000     0.00500
     1.60000     6.00000     7.00000     0.00000     0.00000     0.00000     0.00500
     1.70000     4.00000     5.00000     0.00000     0.00000     0.00000     0.00500
     1.80000     5.00000     6.00000     0.00000     0.00000     0.00000     0.00500
     1.90000     6.00000     7.00000     0.00000     0.00000     0.00000     0.00500
     2.00000     4.00000     5.00000     0.00000     0.00000     0.00000     0.00500
     2.10000     5.00000     6.00000     0.00000     0.00000     0.00000     0.00500
     2.20000     6.00000     7.00000     0.00000     0.00000     0.00000     0.00500
     2.30000     4.00000     5.00000     0.00000     0.00000     0.00000     0.00500
     2.40000     5.00000     6.00000     0.00000     0.00000     0.00000     0.00500
     2.50000     6.00000     7.00000     0.00000     0.00000     0.00000     0.00500
     2.60000     4.00000     5.00000     0.00000     0.00000     0.00000     0.00500
     2.70000     5.00000     6.00000     0.00000     0.00000     0.00000     0.00500
     2.80000     6.00000     7.00000     0.00000     0.00000     0.00000     0.00500
     2.90000     4.00000     5.00000     0.00000     0.00000     0.00000     0.00500
     3.00000     5.00000     6.00000     0.00000     0.00000     0.00000     0.00500
     3.10000     6.00000     7.00000     0.00000     0.00000     0.00000     0.00500
     3.20000     4.00000     5.00000     0.00000     0.00000     0.00000     0.00500
     3.30000     5.00000     6.00000     0.00000     0.00000     0.00000     0.00500
     3.40000     6.00000     7.00000     0.00000     0.00000     0.00000     0.00500
     3.50000     4.00000     5.00000     0.00000     0.00000     0.00000     0.00500
     3.60000     5.00000     6.00000     0.00000     0.00000     0.00000     0.00500
     3.70000     6.00000     7.00000     0.00000     0.00000     0.00000     0.00500
     3.80000     4.00000     5.00000     0.00000     0.00000     0.00000     0.00500
     3.90000     5.00000     6.00000     0.00000     0.00000     0.00000     0.00500
     4.00000     6.00000     7.00000     0.00000     0.00000     0.00000     0.00500
     4.10000     4.00000     5.00000     0.00000     0.00000     0.00000     0.00500
     4.20000     5.00000     6.00000     0.00000     0.00000     0.00000     0.00500
     4.30000     6.00000     7.00000     0.00000     0.00000     0.00000     0.00500
     4.40000     4.00000     5.00000     0.00000     0.00000     0.00000     0.00500
     4.50000     5.00000     6.00000     0.00000     0.00000     0.00000     0.00500
     4.60000     6.00000     7.00000     0.00000     0.00000     0.00000     0.00500
     4.70000     4.00000     5.00000     0.00000     0.00000     0.00000     0.00500
     4.80000     5.00000     6.00000     0.00000     0.00000     0.00000     0.00500
     4.90000     6.00000     7.00000     0.00000     0.00000     0.00000     0.00500
     5.00000     4.00000     5.00000     0.00000     0.00000     0.00000     0.00500
     5.10000     5.00000     6.00000     0.00000     0.00000     0.00000     0.00500
     5.20000     6.00000     7.00000     0.00000     0.00000     0.00000     0.00500
     5.30000     4.00000     5.00000     0.00000     0.00000     0.00000     0.00500
     5.40000     5.00000     6.00000     0.00000     0.00000     0.00000     0.00500
     5.50000     6.00000     7.00000     0.00000     0.00000     0.00000     0.00500
     5.60000     4.00000     5.00000     0.00000     0.00000     0.00000     0.00500
     5.70000     5.00000     6.00000     0.00000     0.00000     0.00000     0.00500
     5.80000     6.00000     7.00000     0.00000     0.00000     0.00000     0.00500
     5.90000     4.00000     5.00000     0.00000     0.00000     0.00000     0.00500
     6.00000     5.00000     6.00000     0.00000     0.00000     0.00000     0.00500
     6.10000     5.00000     6.00000     0.00000     0.00000     0.00000     0.00500
     6.20000     6.00000     7.00000     0.00000     0.00000     0.00000     0.00500
     6.30000     4.00000     5.00000     0.00000     0.00000     0.00000     0.00500
     6.40000     5.00000     6.00000     0.00000     0.00000     0.00000     0.00500
     6.50000     6.00000     7.00000     0.00000     0.00000     0.00000     0.00500
     6.60000     4.00000     5.00000     0.00000     0.00000     0.00000     0.00500
     6.70000     5.00000     6.00000     0.00000     0.00000     0.00000     0.00500
     6.80000     6.00000     7.00000     0.00000     0.00000     0.00000     0.00500
     6.90000     4.00000     5.00000     0.00000     0.00000     0.00000     0.00500
     7.00000     5.00000     6.00000     0.00000     0.00000     0.00000     0.00500
     7.10000     5.00000     6.00000     0.00000     0.00000     0.00000     0.00500
     7.20000     6.00000     7.00000     0.00000     0.00000     0.00000     0.00500
     7.30000     4.00000     5.00000     0.00000     0.00000     0.00000     0.00500
     7.40000     5.00000     6.00000     0.00000     0.00000     0.00000     0.00500
     7.50000     6.00000     7.00000     0.00000     0.00000     0.00000     0.00500
     7.60000     4.00000     5.00000     0.00000     0.00000     0.00000     0.00500
     7.70000     5.00000     6.00000     0.00000     0.00000     0.00000     0.00500
     7.80000     6.00000     7.00000     0.00000     0.00000     0.00000     0.00500
     7.90000     4.00000     5.00000     0.00000     0.00000     0.00000     0.00500
     8.00000     5.00000     6.00000     0.00000     0.00000     0.00000     0.00500
     8.10000     5.00000     6.00000     0.00000     0.00000     0.00000     0.00500
     8.20000     6.00000     7.00000     0.00000     0.00000     0.00000     0.00500
     8.30000     4.00000     5.00000     0.00000     0.00000     0.00000     0.00500
     8.40000     5.00000     6.00000     0.00000     0.00000     0.00000     0.00500
     8.50000     6.00000     7.00000     0.00000     0.00000     0.00000     0.00500
     8.60000     4.00000     5.00000     0.00000     0.00000     0.00000     0.00500
     8.70000     5.00000     6.00000     0.00000     0.00000     0.00000     0.00500
     8.80000     6.00000     7.00000     0.00000     0.00000     0.00000     0.00500
     8.90000     4.00000     5.00000     0.00000     0.00000     0.00000     0.00500
     9.00000     5.00000     6.00000     0.00000     0.00000     0.00000     0.00500
     5.01000     5.00000     6.00000     0.00000     0.00000     0.00000     0.00500
     5.02000     6.00000     7.00000     0.00000     0.00000     0.00000     0.00500
     5.03000     4.00000     5.00000     0.00000     0.00000     0.00000     0.00500
     5.04000     5.00000     6.00000     0.00000     0.00000     0.00000     0.00500
     5.05000     6.00000     7.00000     0.00000     0.00000     0.00000     0.00500
     5.06000     4.00000     5.00000     0.00000     0.00000     0.00000     0.00500
     5.07000     5.00000     6.00000     0.00000     0.00000     0.00000     0.00500
     5.08000     6.00000     7.00000     0.00000     0.00000     0.00000     0.00500
     5.09000     4.00000     5.00000     0.00000     0.00000     0.00000     0.00500
     6.00500     5.00000     6.00000     0.00000     0.00000     0.00000     0.00500
     6.01000     5.00000     6.00000     0.00000     0.00000     0.00000     0.00500
     6.02000     6.00000     7.00000     0.00000     0.00000     0.00000     0.00500
     6.03000     4.00000     5.00000     0.00000     0.00000     0.00000     0.00500
     6.04000     5.00000     6.00000     0.00000     0.00000     0.00000     0.00500
     6.05000     6.00000     7.00000     0.00000     0.00000     0.00000     0.00500
     6.06000     4.00000     5.00000     0.00000     0.00000     0.00000     0.00500
     6.07000     5.00000     6.00000     0.00000     0.00000     0.00000     0.00500
     6.08000     6.00000     7.00000     0.00000     0.00000     0.00000     0.00500
     6.09000     4.00000     5.00000     0.00000     0.00000     0.00000     0.00500
     7.00500     5.00000     6.00000     0.00000     0.00000     0.00000     0.00500
     7.01000     5.00000     6.00000     0.00000     0.00000     0.00000     0.00500
     7.02000     6.00000     7.00000     0.00000     0.00000     0.00000     0.00500
     7.03000     4.00000     5.00000     0.00000     0.00000     0.00000     0.00500
     7.04000     5.00000     6.00000     0.00000     0.00000     0.00000     0.00500
     7.05000     6.00000     7.00000     0.00000     0.00000     0.00000     0.00500
     7.06000     4.00000     5.00000     0.00000     0.00000     0.00000     0.00500
     7.07000     5.00000     6.00000     0.00000     0.00000     0.00000     0.00500
     7.08000     6.00000     7.00000     0.00000     0.00000     0.00000     0.00500
     7.09000     4.00000     5.00000     0.00000     0.00000     0.00000     0.00500
     8.00500     5.00000     6.00000     0.00000     0.00000     0.00000     0.00500
     1.01000     6.00000     7.00000     0.00000     0.00000     0.00000     0.00500
     2.01000     4.00000     5.00000     0.00000     0.00000     0.00000     0.00500
     3.01000     5.00000     6.00000     0.00000     0.00000     0.00000     0.00500
     1.01000     6.00000     7.00000     0.00000     0.00000     0.00000     0.00500
     2.00500     4.00000     5.00000     0.00000     0.00000     0.00000     0.00500
     3.00500     5.00000     6.00000     0.00000     0.00000     0.00000     0.00500
     1.00500     6.00000     7.00000     0.00000     0.00000     0.00000     0.00500
     2.00500     4.00000     5.00000     0.00000     0.00000     0.00000     0.00500
     3.00500     5.00000     6.00000     0.00000     0.00000     0.00000     0.00500
     1.02000     6.00000     7.00000     0.00000     0.00000     0.00000     0.00500
     2.02000     4.00000     5.00000     0.00000     0.00000     0.00000     0.00500
     3.02000     5.00000     6.00000     0.00000     0.00000     0.00000     0.00500
     1.03000     6.00000     7.00000     0.00000     0.00000     0.00000     0.00500
     2.03000     4.00000     5.00000     0.00000     0.00000     0.00000     0.00500
     3.03000     5.00000     6.00000     0.00000     0.00000     0.00000     0.00500
     1.04000     6.00000     7.00000     0.00000     0.00000     0.00000     0.00500
     2.04000     4.00000     5.00000     0.00000     0.00000     0.00000     0.00500
     3.04000     5.00000     6.00000     0.00000     0.00000     0.00000     0.00500
     1.05000     6.00000     7.00000     0.00000     0.00000     0.00000     0.00500
     2.05000     4.00000     5.00000     0.00000     0.00000     0.00000     0.00500
     3.05000     5.00000     6.00000     0.00000     0.00000     0.00000     0.00500
     1.06000     6.00000     7.00000     0.00000     0.00000     0.00000     0.00500
     2.06000     4.00000     5.00000     0.00000     0.00000     0.00000     0.00500
     3.06000     5.00000     6.00000     0.00000     0.00000     0.00000     0.00500
     1.07000     6.00000     7.00000     0.00000     0.00000     0.00000     0.00500
     2.07000     4.00000     5.00000     0.00000     0.00000     0.00000     0.00500
     3.07000     5.00000     6.00000     0.00000     0.00000     0.00000     0.00500
     1.08000     6.00000     7.00000     0.00000     0.00000     0.00000     0.00500
     2.08000     4.00000     5.00000     0.00000     0.00000     0.00000     0.00500
     3.08000     5.00000     6.00000     0.00000     0.00000     0.00000     0.00500
     1.09000     6.00000     7.00000     0.00000     0.00000     0.00000     0.00500
     2.09000     4.00000     5.00000     0.00000     0.00000     0.00000     0.00500
     3.09000     5.00000     6.00000     0.00000     0.00000     0.00000     0.00500
     1.00000     6.00000     7.00000     0.00000     0.00000     0.00000     0.00500
     1.10000     4.00000     5.00000     0.00000     0.00000     0.00000     0.00500
     1.20000     5.00000     6.00000     0.00000     0.00000     0.00000     0.00500
     1.30000     6.00000     7.00000     0.00000     0.00000     0.00000     0.00500
     1.40000     4.00000     5.00000     0.00000     0.00000     0.00000     0.00500
     1.50000     5.00000     6.00000     0.00000     0.00000     0.00000     0.00500
     1.60000     6.00000     7.00000     0.00000     0.00000     0.00000     0.00500
     1.70000     4.00000     5.00000     0.00000     0.00000     0.00000     0.00500
     1.80000     5.00000     6.00000     0.00000     0.00000     0.00000     0.00500
     1.90000     6.00000     7.00000     0.00000     0.00000     0.00000     0.00500
     2.00000     4.00000     5.00000     0.00000     0.00000     0.00000     0.00500
     2.10000     5.00000     6.00000     0.00000     0.00000     0.00000     0.00500
     2.20000     6.00000     7.00000     0.00000     0.00000     0.00000     0.00500
     2.30000     4.00000     5.00000     0.00000     0.00000     0.00000     0.00500
     2.40000     5.00000     6.00000     0.00000     0.00000     0.00000     0.00500
     2.50000     6.00000     7.00000     0.00000     0.00000     0.00000     0.00500
     2.60000     4.00000     5.00000     0.00000     0.00000     0.00000     0.00500
     2.70000     5.00000     6.00000     0.00000     0.00000     0.00000     0.00500
     2.80000     6.00000     7.00000     0.00000     0.00000     0.00000     0.00500
     2.90000     4.00000     5.00000     0.00000     0.00000     0.00000     0.00500
     3.00000     5.00000     6.00000     0.00000     0.00000     0.00000     0.00500
     3.10000     6.00000     7.00000     0.00000     0.00000     0.00000     0.00500
     3.20000     4.00000     5.00000     0.00000     0.00000     0.00000     0.00500
     3.30000     5.00000     6.00000     0.00000     0.00000     0.00000     0.00500
     3.40000     6.00000     7.00000     0.00000     0.00000     0.00000     0.00500
     3.50000     4.00000     5.00000     0.00000     0.00000     0.00000     0.00500
     3.60000     5.00000     6.00000     0.00000     0.00000     0.00000     0.00500
     3.70000     6.00000     7.00000     0.00000     0.00000     0.00000     0.00500
     3.80000     4.00000     5.00000     0.00000     0.00000     0.00000     0.00500
     3.90000     5.00000     6.00000     0.00000     0.00000     0.00000     0.00500
     4.00000     6.00000     7.00000     0.00000     0.00000     0.00000     0.00500
     4.10000     4.00000     5.00000     0.00000     0.00000     0.00000     0.00500
     4.20000     5.00000     6.00000     0.00000     0.00000     0.00000     0.00500
     4.30000     6.00000     7.00000     0.00000     0.00000     0.00000     0.00500
     4.40000     4.00000     5.00000     0.00000     0.00000     0.00000     0.00500
     4.50000     5.00000     6.00000     0.00000     0.00000     0.00000     0.00500
     4.60000     6.00000     7.00000     0.00000     0.00000     0.00000     0.00500
     4.70000     4.00000     5.00000     0.00000     0.00000     0.00000     0.00500
     4.80000     5.00000     6.00000     0.00000     0.00000     0.00000     0.00500
     4.90000     6.00000     7.00000     0.00000     0.00000     0.00000     0.00500
     5.00000     4.00000     5.00000     0.00000     0.00000     0.00000     0.00500
     5.10000     5.00000     6.00000     0.00000     0.00000     0.00000     0.00500
     5.20000     6.00000     7.00000     0.00000     0.00000     0.00000     0.00500
     5.30000     4.00000     5.00000     0.00000     0.00000     0.00000     0.00500
     5.40000     5.00000     6.00000     0.00000     0.00000     0.00000     0.00500
     5.50000     6.00000     7.00000     0.00000     0.00000     0.00000     0.00500
     5.60000     4.00000     5.00000     0.00000     0.00000     0.00000     0.00500
     5.70000     5.00000     6.00000     0.00000     0.00000     0.00000     0.00500
     5.80000     6.00000     7.00000     0.00000     0.00000     0.00000     0.00500
     5.90000     4.00000     5.00000     0.00000     0.00000     0.00000     0.00500
     6.00000     5.00000     6.00000     0.00000     0.00000     0.00000     0.00500
     6.10000     5.00000     6.00000     0.00000     0.00000     0.00000     0.00500
     6.20000     6.00000     7.00000     0.00000     0.00000     0.00000     0.00500
     6.30000     4.00000     5.00000     0.00000     0.00000     0.00000     0.00500
     6.40000     5.00000     6.00000     0.00000     0.00000     0.00000     0.00500
     6.50000     6.00000     7.00000     0.00000     0.00000     0.00000     0.00500
     6.60000     4.00000     5.00000     0.00000     0.00000     0.00000     0.00500
     6.70000     5.00000     6.00000     0.00000     0.00000     0.00000     0.00500
     6.80000     6.00000     7.00000     0.00000     0.00000     0.00000     0.00500
     6.90000     4.00000     5.00000     0.00000     0.00000     0.00000     0.00500
     7.00000     5.00000     6.00000     0.00000     0.00000     0.00000     0.00500
     7.10000     5.00000     6.00000     0.00000     0.00000     0.00000     0.00500
     7.20000     6.00000     7.00000     0.00000     0.00000     0.00000     0.00500
     7.30000     4.00000     5.00000     0.00000     0.00000     0.00000     0.00500
     7.40000     5.00000     6.00000     0.00000     0.00000     0.00000     0.00500
     7.50000     6.00000     7.00000     0.00000     0.00000     0.00000     0.00500
     7.60000     4.00000     5.00000     0.00000     0.00000     0.00000     0.00500
     7.70000     5.00000     6.00000     0.00000     0.00000     0.00000     0.00500
     7.80000     6.00000     7.00000     0.00000     0.00000     0.00000     0.00500
     7.90000     4.00000     5.00000     0.00000     0.00000     0.00000     0.00500
     8.00000     5.00000     6.00000     0.00000     0.00000     0.00000     0.00500
     8.10000     5.00000     6.00000     0.00000     0.00000     0.00000     0.00500
     8.20000     6.00000     7.00000     0.00000     0.00000     0.00000     0.00500
     8.30000     4.00000     5.00000     0.00000     0.00000     0.00000     0.00500
     8.40000     5.00000     6.00000     0.00000     0.00000     0.00000     0.00500
     8.50000     6.00000     7.00000     0.00000     0.00000     0.00000     0.00500
     8.60000     4.00000     5.00000     0.00000     0.00000     0.00000     0.00500
     8.70000     5.00000     6.00000     0.00000     0.00000     0.00000     0.00500
     8.80000     6.00000     7.00000     0.00000     0.00000     0.00000     0.00500
     8.90000     4.00000     5.00000     0.00000     0.00000     0.00000     0.00500
     9.00000     5.00000     6.00000     0.00000     0.00000     0.00000     0.00500
     5.01000     5.00000     6.00000     0.00000     0.00000     0.00000     0.00500
     5.02000     6.00000     7.00000     0.00000     0.00000     0.00000     0.00500
     5.03000     4.00000     5.00000     0.00000     0.00000     0.00000     0.00500
     5.04000     5.00000     6.00000     0.00000     0.00000     0.00000     0.00500
     5.05000     6.00000     7.00000     0.00000     0.00000     0.00000     0.00500
     5.06000     4.00000     5.00000     0.00000     0.00000     0.00000     0.00500
     5.07000     5.00000     6.00000     0.00000     0.00000     0.00000     0.00500
     5.08000     6.00000     7.00000     0.00000     0.00000     0.00000     0.00500
     5.09000     4.00000     5.00000     0.00000     0.00000     0.00000     0.00500
     6.00500     5.00000     6.00000     0.00000     0.00000     0.00000     0.00500
     6.01000     5.00000     6.00000     0.00000     0.00000     0.00000     0.00500
     6.02000     6.00000     7.00000     0.00000     0.00000     0.00000     0.00500
     6.03000     4.00000     5.00000     0.00000     0.00000     0.00000     0.00500
     6.04000     5.00000     6.00000     0.00000     0.00000     0.00000     0.00500
     6.05000     6.00000     7.00000     0.00000     0.00000     0.00000     0.00500
     6.06000     4.00000     5.00000     0.00000     0.00000     0.00000     0.00500
     6.07000     5.00000     6.00000     0.00000     0.00000     0.00000     0.00500
     6.08000     6.00000     7.00000     0.00000     0.00000     0.00000     0.00500
     6.09000     4.00000     5.00000     0.00000     0.00000     0.00000     0.00500
     7.00500     5.00000     6.00000     0.00000     0.00000     0.00000     0.00500
     7.01000     5.00000     6.00000     0.00000     0.00000     0.00000     0.00500
     7.02000     6.00000     7.00000     0.00000     0.00000     0.00000     0.00500
     7.03000     4.00000     5.00000     0.00000     0.00000     0.00000     0.00500
     7.04000     5.00000     6.00000     0.00000     0.00000     0.00000     0.00500
     7.05000     6.00000     7.00000     0.00000     0.00000     0.00000     0.00500
     7.06000     4.00000     5.00000     0.00000     0.00000     0.00000     0.00500
     7.07000     5.00000     6.00000     0.00000     0.00000     0.00000     0.00500
     7.08000     6.00000     7.00000     0.00000     0.00000     0.00000     0.00500
     7.09000     4.00000     5.00000     0.00000     0.00000     0.00000     0.00500
     8.00500     5.00000     6.00000     0.00000     0.00000     0.00000     0.00500
     1.01000     6.00000     7.00000     0.00000     0.00000     0.00000     0.00500
     2.01000     4.00000     5.00000     0.00000     0.00000     0.00000     0.00500
     3.01000     5.00000     6.00000     0.00000     0.00000     0.00000     0.00500
     1.01000     6.00000     7.00000     0.00000     0.00000     0.00000     0.00500
     2.00500     4.00000     5.00000     0.00000     0.00000     0.00000     0.00500
     3.00500     5.00000     6.00000     0.00000     0.00000     0.00000     0.00500
     1.00500     6.00000     7.00000     0.00000     0.00000     0.00000     0.00500
     2.00500     4.00000     5.00000     0.00000     0.00000     0.00000     0.00500
     3.00500     5.00000     6.00000     0.00000     0.00000     0.00000     0.00500
     1.02000     6.00000     7.00000     0.00000     0.00000     0.00000     0.00500
     2.02000     4.00000     5.00000     0.00000     0.00000     0.00000     0.00500
     3.02000     5.00000     6.00000     0.00000     0.00000     0.00000     0.00500
     1.03000     6.00000     7.00000     0.00000     0.00000     0.00000     0.00500
     2.03000     4.00000     5.00000     0.00000     0.00000     0.00000     0.00500
     3.03000     5.00000     6.00000     0.00000     0.00000     0.00000     0.00500
     1.04000     6.00000     7.00000     0.00000     0.00000     0.00000     0.00500
     2.04000     4.00000     5.00000     0.00000     0.00000     0.00000     0.00500
     3.04000     5.00000     6.00000     0.00000     0.00000     0.00000     0.00500
     1.05000     6.00000     7.00000     0.00000     0.00000     0.00000     0.00500
     2.05000     4.00000     5.00000     0.00000     0.00000     0.00000     0.00500
     3.05000     5.00000     6.00000     0.00000     0.00000     0.00000     0.00500
     1.06000     6.00000     7.00000     0.00000     0.00000     0.00000     0.00500
     2.06000     4.00000     5.00000     0.00000     0.00000     0.00000     0.00500
     3.06000     5.00000     6.00000     0.00000     0.00000     0.00000     0.00500
     1.07000     6.00000     7.00000     0.00000     0.00000     0.00000     0.00500
     2.07000     4.00000     5.00000     0.00000     0.00000     0.00000     0.00500
     3.07000     5.00000     6.00000     0.00000     0.00000     0.00000     0.00500
     1.08000     6.00000     7.00000     0.00000     0.00000     0.00000     0.00500
     2.08000     4.00000     5.00000     0.00000     0.00000     0.00000     0.00500
     3.08000     5.00000     6.00000     0.00000     0.00000     0.00000     0.00500
     1.09000     6.00000     7.00000     0.00000     0.00000     0.00000     0.00500
     2.09000     4.00000     5.00000     0.00000     0.00000     0.00000     0.00500
     3.09000     5.00000     6.00000     0.00000     0.00000     0.00000     0.00500
     1.00000     6.00000     7.00000     0.00000     0.00000     0.00000     0.00500
     1.10000     4.00000     5.00000     0.00000     0.00000     0.00000     0.00500
     1.20000     5.00000     6.00000     0.00000     0.00000     0.00000     0.00500
     1.30000     6.00000     7.00000     0.00000     0.00000     0.00000     0.00500
     1.40000     4.00000     5.00000     0.00000     0.00000     0.00000     0.00500
     1.50000     5.00000     6.00000     0.00000     0.00000     0.00000     0.00500
     1.60000     6.00000     7.00000     0.00000     0.00000     0.00000     0.00500
     1.70000     4.00000     5.00000     0.00000     0.00000     0.00000     0.00500
     1.80000     5.00000     6.00000     0.00000     0.00000     0.00000     0.00500
     1.90000     6.00000     7.00000     0.00000     0.00000     0.00000     0.00500
     2.00000     4.00000     5.00000     0.00000     0.00000     0.00000     0.00500
     2.10000     5.00000     6.00000     0.00000     0.00000     0.00000     0.00500
     2.20000     6.00000     7.00000     0.00000     0.00000     0.00000     0.00500
     2.30000     4.00000     5.00000     0.00000     0.00000     0.00000     0.00500
     2.40000     5.00000     6.00000     0.00000     0.00000     0.00000     0.00500
     2.50000     6.00000     7.00000     0.00000     0.00000     0.00000     0.00500
     2.60000     4.00000     5.00000     0.00000     0.00000     0.00000     0.00500
     2.70000     5.00000     6.00000     0.00000     0.00000     0.00000     0.00500
     2.80000     6.00000     7.00000     0.00000     0.00000     0.00000     0.00500
     2.90000     4.00000     5.00000     0.00000     0.00000     0.00000     0.00500
     3.00000     5.00000     6.00000     0.00000     0.00000     0.00000     0.00500
     3.10000     6.00000     7.00000     0.00000     0.00000     0.00000     0.00500
     3.20000     4.00000     5.00000     0.00000     0.00000     0.00000     0.00500
     3.30000     5.00000     6.00000     0.00000     0.00000     0.00000     0.00500
     3.40000     6.00000     7.00000     0.00000     0.00000     0.00000     0.00500
     3.50000     4.00000     5.00000     0.00000     0.00000     0.00000     0.00500
     3.60000     5.00000     6.00000     0.00000     0.00000     0.00000     0.00500
     3.70000     6.00000     7.00000     0.00000     0.00000     0.00000     0.00500
     3.80000     4.00000     5.00000     0.00000     0.00000     0.00000     0.00500
     3.90000     5.00000     6.00000     0.00000     0.00000     0.00000     0.00500
     4.00000     6.00000     7.00000     0.00000     0.00000     0.00000     0.00500
     4.10000     4.00000     5.00000     0.00000     0.00000     0.00000     0.00500
     4.20000     5.00000     6.00000     0.00000     0.00000     0.00000     0.00500
     4.30000     6.00000     7.00000     0.00000     0.00000     0.00000     0.00500
     4.40000     4.00000     5.00000     0.00000     0.00000     0.00000     0.00500
     4.50000     5.00000     6.00000     0.00000     0.00000     0.00000     0.00500
     4.60000     6.00000     7.00000     0.00000     0.00000     0.00000     0.00500
     4.70000     4.00000     5.00000     0.00000     0.00000     0.00000     0.00500
     4.80000     5.00000     6.00000     0.00000     0.00000     0.00000     0.00500
     4.90000     6.00000     7.00000     0.00000     0.00000     0.00000     0.00500
     5.00000     4.00000     5.00000     0.00000     0.00000     0.00000     0.00500
     5.10000     5.00000     6.00000     0.00000     0.00000     0.00000     0.00500
     5.20000     6.00000     7.00000     0.00000     0.00000     0.00000     0.00500
     5.30000     4.00000     5.00000     0.00000     0.00000     0.00000     0.00500
     5.40000     5.00000     6.00000     0.00000     0.00000     0.00000     0.00500
     5.50000     6.00000     7.00000     0.00000     0.00000     0.00000     0.00500
     5.60000     4.00000     5.00000     0.00000     0.00000     0.00000     0.00500
     5.70000     5.00000     6.00000     0.00000     0.00000     0.00000     0.00500
     5.80000     6.00000     7.00000     0.00000     0.00000     0.00000     0.00500
     5.90000     4.00000     5.00000     0.00000     0.00000     0.00000     0.00500
     6.00000     5.00000     6.00000     0.00000     0.00000     0.00000     0.00500
     6.10000     5.00000     6.00000     0.00000     0.00000     0.00000     0.00500
     6.20000     6.00000     7.00000     0.00000     0.00000     0.00000     0.00500
     6.30000     4.00000     5.00000     0.00000     0.00000     0.00000     0.00500
     6.40000     5.00000     6.00000     0.00000     0.00000     0.00000     0.00500
     6.50000     6.00000     7.00000     0.00000     0.00000     0.00000     0.00500
     6.60000     4.00000     5.00000     0.00000     0.00000     0.00000     0.00500
     6.70000     5.00000     6.00000     0.00000     0.00000     0.00000     0.00500
     6.80000     6.00000     7.00000     0.00000     0.00000     0.00000     0.00500
     6.90000     4.00000     5.00000     0.00000     0.00000     0.00000     0.00500
     7.00000     5.00000     6.00000     0.00000     0.00000     0.00000     0.00500
     7.10000     5.00000     6.00000     0.00000     0.00000     0.00000     0.00500
     7.20000     6.00000     7.00000     0.00000     0.00000     0.00000     0.00500
     7.30000     4.00000     5.00000     0.00000     0.00000     0.00000     0.00500
     7.40000     5.00000     6.00000     0.00000     0.00000     0.00000     0.00500
     7.50000     6.00000     7.00000     0.00000     0.00000     0.00000     0.00500
     7.60000     4.00000     5.00000     0.00000     0.00000     0.00000     0.00500
     7.70000     5.00000     6.00000     0.00000     0.00000     0.00000     0.00500
     7.80000     6.00000     7.00000     0.00000     0.00000     0.00000     0.00500
     7.90000     4.00000     5.00000     0.00000     0.00000     0.00000     0.00500
     8.00000     5.00000     6.00000     0.00000     0.00000     0.00000     0.00500
     8.10000     5.00000     6.00000     0.00000     0.00000     0.00000     0.00500
     8.20000     6.00000     7.00000     0.00000     0.00000     0.00000     0.00500
     8.30000     4.00000     5.00000     0.00000     0.00000     0.00000     0.00500
     8.40000     5.00000     6.00000     0.00000     0.00000     0.00000     0.00500
     8.50000     6.00000     7.00000     0.00000     0.00000     0.00000     0.00500
     8.60000     4.00000     5.00000     0.00000     0.00000     0.00000     0.00500
     8.70000     5.00000     6.00000     0.00000     0.00000     0.00000     0.00500
     8.80000     6.00000     7.00000     0.00000     0.00000     0.00000     0.00500
     8.90000     4.00000     5.00000     0.00000     0.00000     0.00000     0.00500
     9.00000     5.00000     6.00000     0.00000     0.00000     0.00000     0.00500
     5.01000     5.00000     6.00000     0.00000     0.00000     0.00000     0.00500
     5.02000     6.00000     7.00000     0.00000     0.00000     0.00000     0.00500
     5.03000     4.00000     5.00000     0.00000     0.00000     0.00000     0.00500
     5.04000     5.00000     6.00000     0.00000     0.00000     0.00000     0.00500
     5.05000     6.00000     7.00000     0.00000     0.00000     0.00000     0.00500
     5.06000     4.00000     5.00000     0.00000     0.00000     0.00000     0.00500
     5.07000     5.00000     6.00000     0.00000     0.00000     0.00000     0.00500
     5.08000     6.00000     7.00000     0.00000     0.00000     0.00000     0.00500
     5.09000     4.00000     5.00000     0.00000     0.00000     0.00000     0.00500
     6.00500     5.00000     6.00000     0.00000     0.00000     0.00000     0.00500
     6.01000     5.00000     6.00000     0.00000     0.00000     0.00000     0.00500
     6.02000     6.00000     7.00000     0.00000     0.00000     0.00000     0.00500
     6.03000     4.00000     5.00000     0.00000     0.00000     0.00000     0.00500
     6.04000     5.00000     6.00000     0.00000     0.00000     0.00000     0.00500
     6.05000     6.00000     7.00000     0.00000     0.00000     0.00000     0.00500
     6.06000     4.00000     5.00000     0.00000     0.00000     0.00000     0.00500
     6.07000     5.00000     6.00000     0.00000     0.00000     0.00000     0.00500
     6.08000     6.00000     7.00000     0.00000     0.00000     0.00000     0.00500
     6.09000     4.00000     5.00000     0.00000     0.00000     0.00000     0.00500
     7.00500     5.00000     6.00000     0.00000     0.00000     0.00000     0.00500
     7.01000     5.00000     6.00000     0.00000     0.00000     0.00000     0.00500
     7.02000     6.00000     7.00000     0.00000     0.00000     0.00000     0.00500
     7.03000     4.00000     5.00000     0.00000     0.00000     0.00000     0.00500
     7.04000     5.00000     6.00000     0.00000     0.00000     0.00000     0.00500
     7.05000     6.00000     7.00000     0.00000     0.00000     0.00000     0.00500
     7.06000     4.00000     5.00000     0.00000     0.00000     0.00000     0.00500
     7.07000     5.00000     6.00000     0.00000     0.00000     0.00000     0.00500
     7.08000     6.00000     7.00000     0.00000     0.00000     0.00000     0.00500
     7.09000     4.00000     5.00000     0.00000     0.00000     0.00000     0.00500
     8.00500     5.00000     6.00000     0.00000     0.00000     0.00000     0.00500
     1.01000     6.00000     7.00000     0.00000     0.00000     0.00000     0.00500
     2.01000     4.00000     5.00000     0.00000     0.00000     0.00000     0.00500
     3.01000     5.00000     6.00000     0.00000     0.00000     0.00000     0.00500
     1.01000     6.00000     7.00000     0.00000     0.00000     0.00000     0.00500
     2.00500     4.00000     5.00000     0.00000     0.00000     0.00000     0.00500
     3.00500     5.00000     6.00000     0.00000     0.00000     0.00000     0.00500
     1.00500     6.00000     7.00000     0.00000     0.00000     0.00000     0.00500
     2.00500     4.00000     5.00000     0.00000     0.00000     0.00000     0.00500
     3.00500     5.00000     6.00000     0.00000     0.00000     0.00000     0.00500
     1.02000     6.00000     7.00000     0.00000     0.00000     0.00000     0.00500
     2.02000     4.00000     5.00000     0.00000     0.00000     0.00000     0.00500
     3.02000     5.00000     6.00000     0.00000     0.00000     0.00000     0.00500
     1.03000     6.00000     7.00000     0.00000     0.00000     0.00000     0.00500
     2.03000     4.00000     5.00000     0.00000     0.00000     0.00000     0.00500
     3.03000     5.00000     6.00000     0.00000     0.00000     0.00000     0.00500
     1.04000     6.00000     7.00000     0.00000     0.00000     0.00000     0.00500
     2.04000     4.00000     5.00000     0.00000     0.00000     0.00000     0.00500
     3.04000     5.00000     6.00000     0.00000     0.00000     0.00000     0.00500
     1.05000     6.00000     7.00000     0.00000     0.00000     0.00000     0.00500
     2.05000     4.00000     5.00000     0.00000     0.00000     0.00000     0.00500
     3.05000     5.00000     6.00000     0.00000     0.00000     0.00000     0.00500
     1.06000     6.00000     7.00000     0.00000     0.00000     0.00000     0.00500
     2.06000     4.00000     5.00000     0.00000     0.00000     0.00000     0.00500
     3.06000     5.00000     6.00000     0.00000     0.00000     0.00000     0.00500
     1.07000     6.00000     7.00000     0.00000     0.00000     0.00000     0.00500
     2.07000     4.00000     5.00000     0.00000     0.00000     0.00000     0.00500
     3.07000     5.00000     6.00000     0.00000     0.00000     0.00000     0.00500
     1.08000     6.00000     7.00000     0.00000     0.00000     0.00000     0.00500
     2.08000     4.00000     5.00000     0.00000     0.00000     0.00000     0.00500
     3.08000     5.00000     6.00000     0.00000     0.00000     0.00000     0.00500
     1.09000     6.00000     7.00000     0.00000     0.00000     0.00000     0.00500
     2.09000     4.00000     5.00000     0.00000     0.00000     0.00000     0.00500
     3.09000     5.00000     6.00000     0.00000     0.00000     0.00000     0.00500
     1.00000     6.00000     7.00000     0.00000     0.00000     0.00000     0.00500
     1.10000     4.00000     5.00000     0.00000     0.00000     0.00000     0.00500
     1.20000     5.00000     6.00000     0.00000     0.00000     0.00000     0.00500
     1.30000     6.00000     7.00000     0.00000     0.00000     0.00000     0.00500
     1.40000     4.00000     5.00000     0.00000     0.00000     0.00000     0.00500
     1.50000     5.00000     6.00000     0.00000     0.00000     0.00000     0.00500
     1.60000     6.00000     7.00000     0.00000     0.00000     0.00000     0.00500
     1.70000     4.00000     5.00000     0.00000     0.00000     0.00000     0.00500
     1.80000     5.00000     6.00000     0.00000     0.00000     0.00000     0.00500
     1.90000     6.00000     7.00000     0.00000     0.00000     0.00000     0.00500
     2.00000     4.00000     5.00000     0.00000     0.00000     0.00000     0.00500
     2.10000     5.00000     6.00000     0.00000     0.00000     0.00000     0.00500
     2.20000     6.00000     7.00000     0.00000     0.00000     0.00000     0.00500
     2.30000     4.00000     5.00000     0.00000     0.00000     0.00000     0.00500
     2.40000     5.00000     6.00000     0.00000     0.00000     0.00000     0.00500
     2.50000     6.00000     7.00000     0.00000     0.00000     0.00000     0.00500
     2.60000     4.00000     5.00000     0.00000     0.00000     0.00000     0.00500
     2.70000     5.00000     6.00000     0.00000     0.00000     0.00000     0.00500
     2.80000     6.00000     7.00000     0.00000     0.00000     0.00000     0.00500
     2.90000     4.00000     5.00000     0.00000     0.00000     0.00000     0.00500
     3.00000     5.00000     6.00000     0.00000     0.00000     0.00000     0.00500
     3.10000     6.00000     7.00000     0.00000     0.00000     0.00000     0.00500
     3.20000     4.00000     5.00000     0.00000     0.00000     0.00000     0.00500
     3.30000     5.00000     6.00000     0.00000     0.00000     0.00000     0.00500
     3.40000     6.00000     7.00000     0.00000     0.00000     0.00000     0.00500
     3.50000     4.00000     5.00000     0.00000     0.00000     0.00000     0.00500
     3.60000     5.00000     6.00000     0.00000     0.00000     0.00000     0.00500
     3.70000     6.00000     7.00000     0.00000     0.00000     0.00000     0.00500
     3.80000     4.00000     5.00000     0.00000     0.00000     0.00000     0.00500
     3.90000     5.00000     6.00000     0.00000     0.00000     0.00000     0.00500
     4.00000     6.00000     7.00000     0.00000     0.00000     0.00000     0.00500
     4.10000     4.00000     5.00000     0.00000     0.00000     0.00000     0.00500
     4.20000     5.00000     6.00000     0.00000     0.00000     0.00000     0.00500
     4.30000     6.00000     7.00000     0.00000     0.00000     0.00000     0.00500
     4.40000     4.00000     5.00000     0.00000     0.00000     0.00000     0.00500
     4.50000     5.00000     6.00000     0.00000     0.00000     0.00000     0.00500
     4.60000     6.00000     7.00000     0.00000     0.00000     0.00000     0.00500
     4.70000     4.00000     5.00000     0.00000     0.00000     0.00000     0.00500
     4.80000     5.00000     6.00000     0.00000     0.00000     0.00000     0.00500
     4.90000     6.00000     7.00000     0.00000     0.00000     0.00000     0.00500
     5.00000     4.00000     5.00000     0.00000     0.00000     0.00000     0.00500
     5.10000     5.00000     6.00000     0.00000     0.00000     0.00000     0.00500
     5.20000     6.00000     7.00000     0.00000     0.00000     0.00000     0.00500
     5.30000     4.00000     5.00000     0.00000     0.00000     0.00000     0.00500
     5.40000     5.00000     6.00000     0.00000     0.00000     0.00000     0.00500
     5.50000     6.00000     7.00000     0.00000     0.00000     0.00000     0.00500
     5.60000     4.00000     5.00000     0.00000     0.00000     0.00000     0.00500
     5.70000     5.00000     6.00000     0.00000     0.00000     0.00000     0.00500
     5.80000     6.00000     7.00000     0.00000     0.00000     0.00000     0.00500
     5.90000     4.00000     5.00000     0.00000     0.00000     0.00000     0.00500
     6.00000     5.00000     6.00000     0.00000     0.00000     0.00000     0.00500
     6.10000     5.00000     6.00000     0.00000     0.00000     0.00000     0.00500
     6.20000     6.00000     7.00000     0.00000     0.00000     0.00000     0.00500
     6.30000     4.00000     5.00000     0.00000     0.00000     0.00000     0.00500
     6.40000     5.00000     6.00000     0.00000     0.00000     0.00000     0.00500
     6.50000     6.00000     7.00000     0.00000     0.00000     0.00000     0.00500
     6.60000     4.00000     5.00000     0.00000     0.00000     0.00000     0.00500
     6.70000     5.00000     6.00000     0.00000     0.00000     0.00000     0.00500
     6.80000     6.00000     7.00000     0.00000     0.00000     0.00000     0.00500
     6.90000     4.00000     5.00000     0.00000     0.00000     0.00000     0.00500
     7.00000     5.00000     6.00000     0.00000     0.00000     0.00000     0.00500
     7.10000     5.00000     6.00000     0.00000     0.00000     0.00000     0.00500
     7.20000     6.00000     7.00000     0.00000     0.00000     0.00000     0.00500
     7.30000     4.00000     5.00000     0.00000     0.00000     0.00000     0.00500
     7.40000     5.00000     6.00000     0.00000     0.00000     0.00000     0.00500
     7.50000     6.00000     7.00000     0.00000     0.00000     0.00000     0.00500
     7.60000     4.00000     5.00000     0.00000     0.00000     0.00000     0.00500
     7.70000     5.00000     6.00000     0.00000     0.00000     0.00000     0.00500
     7.80000     6.00000     7.00000     0.00000     0.00000     0.00000     0.00500
     7.90000     4.00000     5.00000     0.00000     0.00000     0.00000     0.00500
     8.00000     5.00000     6.00000     0.00000     0.00000     0.00000     0.00500
     8.10000     5.00000     6.00000     0.00000     0.00000     0.00000     0.00500
     8.20000     6.00000     7.00000     0.00000     0.00000     0.00000     0.00500
     8.30000     4.00000     5.00000     0.00000     0.00000     0.00000     0.00500
     8.40000     5.00000     6.00000     0.00000     0.00000     0.00000     0.00500
     8.50000     6.00000     7.00000     0.00000     0.00000     0.00000     0.00500
     8.60000     4.00000     5.00000     0.00000     0.00000     0.00000     0.00500
     8.70000     5.00000     6.00000     0.00000     0.00000     0.00000     0.00500
     8.80000     6.00000     7.00000     0.00000     0.00000     0.00000     0.00500
     8.90000     4.00000     5.00000     0.00000     0.00000     0.00000     0.00500
     9.00000     5.00000     6.00000     0.00000     0.00000     0.00000     0.00500
     5.01000     5.00000     6.00000     0.00000     0.00000     0.00000     0.00500
     5.02000     6.00000     7.00000     0.00000     0.00000     0.00000     0.00500
     5.03000     4.00000     5.00000     0.00000     0.00000     0.00000     0.00500
     5.04000     5.00000     6.00000     0.00000     0.00000     0.00000     0.00500
     5.05000     6.00000     7.00000     0.00000     0.00000     0.00000     0.00500
     5.06000     4.00000     5.00000     0.00000     0.00000     0.00000     0.00500
     5.07000     5.00000     6.00000     0.00000     0.00000     0.00000     0.00500
     5.08000     6.00000     7.00000     0.00000     0.00000     0.00000     0.00500
     5.09000     4.00000     5.00000     0.00000     0.00000     0.00000     0.00500
     6.00500     5.00000     6.00000     0.00000     0.00000     0.00000     0.00500
     6.01000     5.00000     6.00000     0.00000     0.00000     0.00000     0.00500
     6.02000     6.00000     7.00000     0.00000     0.00000     0.00000     0.00500
     6.03000     4.00000     5.00000     0.00000     0.00000     0.00000     0.00500
     6.04000     5.00000     6.00000     0.00000     0.00000     0.00000     0.00500
     6.05000     6.00000     7.00000     0.00000     0.00000     0.00000     0.00500
     6.06000     4.00000     5.00000     0.00000     0.00000     0.00000     0.00500
     6.07000     5.00000     6.00000     0.00000     0.00000     0.00000     0.00500
     6.08000     6.00000     7.00000     0.00000     0.00000     0.00000     0.00500
     6.09000     4.00000     5.00000     0.00000     0.00000     0.00000     0.00500
     7.00500     5.00000     6.00000     0.00000     0.00000     0.00000     0.00500
     7.01000     5.00000     6.00000     0.00000     0.00000     0.00000     0.00500
     7.02000     6.00000     7.00000     0.00000     0.00000     0.00000     0.00500
     7.03000     4.00000     5.00000     0.00000     0.00000     0.00000     0.00500
     7.04000     5.00000     6.00000     0.00000     0.00000     0.00000     0.00500
     7.05000     6.00000     7.00000     0.00000     0.00000     0.00000     0.00500
     7.06000     4.00000     5.00000     0.00000     0.00000     0.00000     0.00500
     7.07000     5.00000     6.00000     0.00000     0.00000     0.00000     0.00500
     7.08000     6.00000     7.00000     0.00000     0.00000     0.00000     0.00500
     7.09000     4.00000     5.00000     0.00000     0.00000     0.00000     0.00500
     8.00500     5.00000     6.00000     0.00000     0.00000     0.00000     0.00500
     1.01000     6.00000     7.00000     0.00000     0.00000     0.00000     0.00500
     2.01000     4.00000     5.00000     0.00000     0.00000     0.00000     0.00500
     3.01000     5.00000     6.00000     0.00000     0.00000     0.00000     0.00500
     1.01000     6.00000     7.00000     0.00000     0.00000     0.00000     0.00500
     2.00500     4.00000     5.00000     0.00000     0.00000     0.00000     0.00500
     3.00500     5.00000     6.00000     0.00000     0.00000     0.00000     0.00500
     1.00500     6.00000     7.00000     0.00000     0.00000     0.00000     0.00500
     2.00500     4.00000     5.00000     0.00000     0.00000     0.00000     0.00500
     3.00500     5.00000     6.00000     0.00000     0.00000     0.00000     0.00500
     1.02000     6.00000     7.00000     0.00000     0.00000     0.00000     0.00500
     2.02000     4.00000     5.00000     0.00000     0.00000     0.00000     0.00500
     3.02000     5.00000     6.00000     0.00000     0.00000     0.00000     0.00500
     1.03000     6.00000     7.00000     0.00000     0.00000     0.00000     0.00500
     2.03000     4.00000     5.00000     0.00000     0.00000     0.00000     0.00500
     3.03000     5.00000     6.00000     0.00000     0.00000     0.00000     0.00500
     1.04000     6.00000     7.00000     0.00000     0.00000     0.00000     0.00500
     2.04000     4.00000     5.00000     0.00000     0.00000     0.00000     0.00500
     3.04000     5.00000     6.00000     0.00000     0.00000     0.00000     0.00500
     1.05000     6.00000     7.00000     0.00000     0.00000     0.00000     0.00500
     2.05000     4.00000     5.00000     0.00000     0.00000     0.00000     0.00500
     3.05000     5.00000     6.00000     0.00000     0.00000     0.00000     0.00500
     1.06000     6.00000     7.00000     0.00000     0.00000     0.00000     0.00500
     2.06000     4.00000     5.00000     0.00000     0.00000     0.00000     0.00500
     3.06000     5.00000     6.00000     0.00000     0.00000     0.00000     0.00500
     1.07000     6.00000     7.00000     0.00000     0.00000     0.00000     0.00500
     2.07000     4.00000     5.00000     0.00000     0.00000     0.00000     0.00500
     3.07000     5.00000     6.00000     0.00000     0.00000     0.00000     0.00500
     1.08000     6.00000     7.00000     0.00000     0.00000     0.00000     0.00500
     2.08000     4.00000     5.00000     0.00000     0.00000     0.00000     0.00500
     3.08000     5.00000     6.00000     0.00000     0.00000     0.00000     0.00500
     1.09000     6.00000     7.00000     0.00000     0.00000     0.00000     0.00500
     2.09000     4.00000     5.00000     0.00000     0.00000     0.00000     0.00500
     3.09000     5.00000     6.00000     0.00000     0.00000     0.00000     0.00500
     1.00000     6.00000     7.00000     0.00000     0.00000     0.00000     0.00500
     1.10000     4.00000     5.00000     0.00000     0.00000     0.00000     0.00500
     1.20000     5.00000     6.00000     0.00000     0.00000     0.00000     0.00500
     1.30000     6.00000     7.00000     0.00000     0.00000     0.00000     0.00500
     1.40000     4.00000     5.00000     0.00000     0.00000     0.00000     0.00500
     1.50000     5.00000     6.00000     0.00000     0.00000     0.00000     0.00500
     1.60000     6.00000     7.00000     0.00000     0.00000     0.00000     0.00500
     1.70000     4.00000     5.00000     0.00000     0.00000     0.00000     0.00500
     1.80000     5.00000     6.00000     0.00000     0.00000     0.00000     0.00500
     1.90000     6.00000     7.00000     0.00000     0.00000     0.00000     0.00500
     2.00000     4.00000     5.00000     0.00000     0.00000     0.00000     0.00500
     2.10000     5.00000     6.00000     0.00000     0.00000     0.00000     0.00500
     2.20000     6.00000     7.00000     0.00000     0.00000     0.00000     0.00500
     2.30000     4.00000     5.00000     0.00000     0.00000     0.00000     0.00500
     2.40000     5.00000     6.00000     0.00000     0.00000     0.00000     0.00500
     2.50000     6.00000     7.00000     0.00000     0.00000     0.00000     0.00500
     2.60000     4.00000     5.00000     0.00000     0.00000     0.00000     0.00500
     2.70000     5.00000     6.00000     0.00000     0.00000     0.00000     0.00500
     2.80000     6.00000     7.00000     0.00000     0.00000     0.00000     0.00500
     2.90000     4.00000     5.00000     0.00000     0.00000     0.00000     0.00500
     3.00000     5.00000     6.00000     0.00000     0.00000     0.00000     0.00500
     3.10000     6.00000     7.00000     0.00000     0.00000     0.00000     0.00500
     3.20000     4.00000     5.00000     0.00000     0.00000     0.00000     0.00500
     3.30000     5.00000     6.00000     0.00000     0.00000     0.00000     0.00500
     3.40000     6.00000     7.00000     0.00000     0.00000     0.00000     0.00500
     3.50000     4.00000     5.00000     0.00000     0.00000     0.00000     0.00500
     3.60000     5.00000     6.00000     0.00000     0.00000     0.00000     0.00500
     3.70000     6.00000     7.00000     0.00000     0.00000     0.00000     0.00500
     3.80000     4.00000     5.00000     0.00000     0.00000     0.00000     0.00500
     3.90000     5.00000     6.00000     0.00000     0.00000     0.00000     0.00500
     4.00000     6.00000     7.00000     0.00000     0.00000     0.00000     0.00500
     4.10000     4.00000     5.00000     0.00000     0.00000     0.00000     0.00500
     4.20000     5.00000     6.00000     0.00000     0.00000     0.00000     0.00500
     4.30000     6.00000     7.00000     0.00000     0.00000     0.00000     0.00500
     4.40000     4.00000     5.00000     0.00000     0.00000     0.00000     0.00500
     4.50000     5.00000     6.00000     0.00000     0.00000     0.00000     0.00500
     4.60000     6.00000     7.00000     0.00000     0.00000     0.00000     0.00500
     4.70000     4.00000     5.00000     0.00000     0.00000     0.00000     0.00500
     4.80000     5.00000     6.00000     0.00000     0.00000     0.00000     0.00500
     4.90000     6.00000     7.00000     0.00000     0.00000     0.00000     0.00500
     5.00000     4.00000     5.00000     0.00000     0.00000     0.00000     0.00500
     5.10000     5.00000     6.00000     0.00000     0.00000     0.00000     0.00500
     5.20000     6.00000     7.00000     0.00000     0.00000     0.00000     0.00500
     5.30000     4.00000     5.00000     0.00000     0.00000     0.00000     0.00500
     5.40000     5.00000     6.00000     0.00000     0.00000     0.00000     0.00500
     5.50000     6.00000     7.00000     0.00000     0.00000     0.00000     0.00500
     5.60000     4.00000     5.00000     0.00000     0.00000     0.00000     0.00500
     5.70000     5.00000     6.00000     0.00000     0.00000     0.00000     0.00500
     5.80000     6.00000     7.00000     0.00000     0.00000     0.00000     0.00500
     5.90000     4.00000     5.00000     0.00000     0.00000     0.00000     0.00500
     6.00000     5.00000     6.00000     0.00000     0.00000     0.00000     0.00500
     6.10000     5.00000     6.00000     0.00000     0.00000     0.00000     0.00500
     6.20000     6.00000     7.00000     0.00000     0.00000     0.00000     0.00500
     6.30000     4.00000     5.00000     0.00000     0.00000     0.00000     0.00500
     6.40000     5.00000     6.00000     0.00000     0.00000     0.00000     0.00500
     6.50000     6.00000     7.00000     0.00000     0.00000     0.00000     0.00500
     6.60000     4.00000     5.00000     0.00000     0.00000     0.00000     0.00500
     6.70000     5.00000     6.00000     0.00000     0.00000     0.00000     0.00500
     6.80000     6.00000     7.00000     0.00000     0.00000     0.00000     0.00500
     6.90000     4.00000     5.00000     0.00000     0.00000     0.00000     0.00500
     7.00000     5.00000     6.00000     0.00000     0.00000     0.00000     0.00500
     7.10000     5.00000     6.00000     0.00000     0.00000     0.00000     0.00500
     7.20000     6.00000     7.00000     0.00000     0.00000     0.00000     0.00500
     7.30000     4.00000     5.00000     0.00000     0.00000     0.00000     0.00500
     7.40000     5.00000     6.00000     0.00000     0.00000     0.00000     0.00500
     7.50000     6.00000     7.00000     0.00000     0.00000     0.00000     0.00500
     7.60000     4.00000     5.00000     0.00000     0.00000     0.00000     0.00500
     7.70000     5.00000     6.00000     0.00000     0.00000     0.00000     0.00500
     7.80000     6.00000     7.00000     0.00000     0.00000     0.00000     0.00500
     7.90000     4.00000     5.00000     0.00000     0.00000     0.00000     0.00500
     8.00000     5.00000     6.00000     0.00000     0.00000     0.00000     0.00500
     8.10000     5.00000     6.00000     0.00000     0.00000     0.00000     0.00500
     8.20000     6.00000     7.00000     0.00000     0.00000     0.00000     0.00500
     8.30000     4.00000     5.00000     0.00000     0.00000     0.00000     0.00500
     8.40000     5.00000     6.00000     0.00000     0.00000     0.00000     0.00500
     8.50000     6.00000     7.00000     0.00000     0.00000     0.00000     0.00500
     8.60000     4.00000     5.00000     0.00000     0.00000     0.00000     0.00500
     8.70000     5.00000     6.00000     0.00000     0.00000     0.00000     0.00500
     8.80000     6.00000     7.00000     0.00000     0.00000     0.00000     0.00500
     8.90000     4.00000     5.00000     0.00000     0.00000     0.00000     0.00500
     9.00000     5.00000     6.00000     0.00000     0.00000     0.00000     0.00500
     5.01000     5.00000     6.00000     0.00000     0.00000     0.00000     0.00500
     5.02000     6.00000     7.00000     0.00000     0.00000     0.00000     0.00500
     5.03000     4.00000     5.00000     0.00000     0.00000     0.00000     0.00500
     5.04000     5.00000     6.00000     0.00000     0.00000     0.00000     0.00500
     5.05000     6.00000     7.00000     0.00000     0.00000     0.00000     0.00500
     5.06000     4.00000     5.00000     0.00000     0.00000     0.00000     0.00500
     5.07000     5.00000     6.00000     0.00000     0.00000     0.00000     0.00500
     5.08000     6.00000     7.00000     0.00000     0.00000     0.00000     0.00500
     5.09000     4.00000     5.00000     0.00000     0.00000     0.00000     0.00500
     6.00500     5.00000     6.00000     0.00000     0.00000     0.00000     0.00500
     6.01000     5.00000     6.00000     0.00000     0.00000     0.00000     0.00500
     6.02000     6.00000     7.00000     0.00000     0.00000     0.00000     0.00500
     6.03000     4.00000     5.00000     0.00000     0.00000     0.00000     0.00500
     6.04000     5.00000     6.00000     0.00000     0.00000     0.00000     0.00500
     6.05000     6.00000     7.00000     0.00000     0.00000     0.00000     0.00500
     6.06000     4.00000     5.00000     0.00000     0.00000     0.00000     0.00500
     6.07000     5.00000     6.00000     0.00000     0.00000     0.00000     0.00500
     6.08000     6.00000     7.00000     0.00000     0.00000     0.00000     0.00500
     6.09000     4.00000     5.00000     0.00000     0.00000     0.00000     0.00500
     7.00500     5.00000     6.00000     0.00000     0.00000     0.00000     0.00500
     7.01000     5.00000     6.00000     0.00000     0.00000     0.00000     0.00500
     7.02000     6.00000     7.00000     0.00000     0.00000     0.00000     0.00500
     7.03000     4.00000     5.00000     0.00000     0.00000     0.00000     0.00500
     7.04000     5.00000     6.00000     0.00000     0.00000     0.00000     0.00500
     7.05000     6.00000     7.00000     0.00000     0.00000     0.00000     0.00500
     7.06000     4.00000     5.00000     0.00000     0.00000     0.00000     0.00500
     7.07000     5.00000     6.00000     0.00000     0.00000     0.00000     0.00500
     7.08000     6.00000     7.00000     0.00000     0.00000     0.00000     0.00500
     7.09000     4.00000     5.00000     0.00000     0.00000     0.00000     0.00500
     8.00500     5.00000     6.00000     0.00000     0.00000     0.00000     0.00500
     1.01000     6.00000     7.00000     0.00000     0.00000     0.00000     0.00500
     2.01000     4.00000     5.00000     0.00000     0.00000     0.00000     0.00500
     3.01000     5.00000     6.00000     0.00000     0.00000     0.00000     0.00500
     1.01000     6.00000     7.00000     0.00000     0.00000     0.00000     0.00500
     2.00500     4.00000     5.00000     0.00000     0.00000     0.00000     0.00500
     3.00500     5.00000     6.00000     0.00000     0.00000     0.00000     0.00500
     1.00500     6.00000     7.00000     0.00000     0.00000     0.00000     0.00500
     2.00500     4.00000     5.00000     0.00000     0.00000     0.00000     0.00500
     3.00500     5.00000     6.00000     0.00000     0.00000     0.00000     0.00500
     1.02000     6.00000     7.00000     0.00000     0.00000     0.00000     0.00500
     2.02000     4.00000     5.00000     0.00000     0.00000     0.00000     0.00500
     3.02000     5.00000     6.00000     0.00000     0.00000     0.00000     0.00500
     1.03000     6.00000     7.00000     0.00000     0.00000     0.00000     0.00500
     2.03000     4.00000     5.00000     0.00000     0.00000     0.00000     0.00500
     3.03000     5.00000     6.00000     0.00000     0.00000     0.00000     0.00500
     1.04000     6.00000     7.00000     0.00000     0.00000     0.00000     0.00500
     2.04000     4.00000     5.00000     0.00000     0.00000     0.00000     0.00500
     3.04000     5.00000     6.00000     0.00000     0.00000     0.00000     0.00500
     1.05000     6.00000     7.00000     0.00000     0.00000     0.00000     0.00500
     2.05000     4.00000     5.00000     0.00000     0.00000     0.00000     0.00500
     3.05000     5.00000     6.00000     0.00000     0.00000     0.00000     0.00500
     1.06000     6.00000     7.00000     0.00000     0.00000     0.00000     0.00500
     2.06000     4.00000     5.00000     0.00000     0.00000     0.00000     0.00500
     3.06000     5.00000     6.00000     0.00000     0.00000     0.00000     0.00500
     1.07000     6.00000     7.00000     0.00000     0.00000     0.00000     0.00500
     2.07000     4.00000     5.00000     0.00000     0.00000     0.00000     0.00500
     3.07000     5.00000     6.00000     0.00000     0.00000     0.00000     0.00500
     1.08000     6.00000     7.00000     0.00000     0.00000     0.00000     0.00500
     2.08000     4.00000     5.00000     0.00000     0.00000     0.00000     0.00500
     3.08000     5.00000     6.00000     0.00000     0.00000     0.00000     0.00500
     1.09000     6.00000     7.00000     0.00000     0.00000     0.00000     0.00500
     2.09000     4.00000     5.00000     0.00000     0.00000     0.00000     0.00500
     3.09000     5.00000     6.00000     0.00000     0.00000     0.00000     0.00500
     1.00500     6.00000     7.00000     0.00000     0.00000     0.00000     0.00500
     1.10500     4.00000     5.00000     0.00000     0.00000     0.00000     0.00500
     1.20500     5.00000     6.00000     0.00000     0.00000     0.00000     0.00500
     1.30500     6.00000     7.00000     0.00000     0.00000     0.00000     0.00500
     1.40500     4.00000     5.00000     0.00000     0.00000     0.00000     0.00500
     1.50500     5.00000     6.00000     0.00000     0.00000     0.00000     0.00500
     1.60500     6.00000     7.00000     0.00000     0.00000     0.00000     0.00500
     1.70500     4.00000     5.00000     0.00000     0.00000     0.00000     0.00500
     1.80500     5.00000     6.00000     0.00000     0.00000     0.00000     0.00500
     1.90500     6.00000     7.00000     0.00000     0.00000     0.00000     0.00500
     2.00500     4.00000     5.00000     0.00000     0.00000     0.00000     0.00500
     2.10500     5.00000     6.00000     0.00000     0.00000     0.00000     0.00500
     2.20500     6.00000     7.00000     0.00000     0.00000     0.00000     0.00500
     2.30500     4.00000     5.00000     0.00000     0.00000     0.00000     0.00500
     2.40500     5.00000     6.00000     0.00000     0.00000     0.00000     0.00500
     2.50500     6.00000     7.00000     0.00000     0.00000     0.00000     0.00500
     9.01000     0.00000     0.00000     0.00000     0.00000     0.00000     0.00500
     30.00000     0.00000     0.00000     0.00000     0.00000     0.00000     0.00000
9999999.0000