     1.00000     1.04000     0.00000     0.67000     0.70108     0.00000     0.00000     0.00000     0.00000     1.00000
     2.00000     1.02533    10.03009     1.63000     0.60287     0.00000     0.00000     0.00000     0.00000     2.00000
     3.00000     1.02536     5.21579     0.85000     0.42023     0.00000     0.00000     0.00000     0.00000     2.00000
     4.00000     1.00186    -2.12265     0.00000     0.00000     0.00000     0.00000     0.00000     0.00000     3.00000
     5.00000     0.98163    -3.65383     0.00000     0.00000     0.90000     0.30000     0.00000     0.00000     3.00000
     6.00000     1.00252     2.43838     0.00000     0.00000     0.00000     0.00000     0.00000     0.00000     3.00000
     7.00000     0.98127     1.05485     0.00000     0.00000     1.00000     0.35000     0.00000     0.00000     3.00000
     8.00000     0.99356     4.29081     0.00000     0.00000     0.00000     0.00000     0.00000     0.00000     3.00000
     9.00000     0.96619    -4.05683     0.00000     0.00000     1.25000     0.50000     0.00000     0.00000     3.00000
9999999.0000
     1.00000     4.00000     0.00000     0.05760     0.00000     0.00000     0.00000
     2.00000     8.00000     0.00000     0.06250     0.00000     0.00000     0.00000
     3.00000     6.00000     0.00000     0.05860     0.00000     0.00000     0.00000
     4.00000     5.00000     0.00000     0.09200     0.00000     0.00000     0.00000
     4.00000     9.00000     0.00000     0.08500     0.00000     0.00000     0.00000
     5.00000     6.00000     0.00000     0.17000     0.00000     1.00000     0.00000
     6.00000     7.00000     0.00000     0.10080     0.00000     1.00000     0.00000
     7.00000     8.00000     0.00000     0.07200     0.00000     1.00000     0.00000
     8.00000     9.00000     0.00000     0.16100     0.00000     1.00000     0.00000
9999999.0000
     1.00000     1.00000   100.00000     0.00000     0.00000     0.00000     0.06080     0.00000     0.00000     0.00000     0.00000     0.00000     0.00000     0.00000     0.00000    13.64000     9.60000     0.00000     1.00000
     2.00000     2.00000   100.00000     0.00000     0.00000     0.00000     0.11980     0.00000     0.00000     0.00000     0.00000     0.00000     0.00000     0.00000     0.00000     6.40000     2.50000     0.00000     2.00000
     3.00000     3.00000   100.00000     0.00000     0.00000     0.00000     0.18130     0.00000     0.00000     0.00000     0.00000     0.00000     0.00000     0.00000     0.00000     3.01000     1.00000     0.00000     3.00000
9999999.0000
     0.00000     0.00000     0.00000     0.00000     0.00000     0.00000     0.01000
     3.00000     6.00000     7.00000     0.00000     0.00000     0.00000     0.01000
     3.05000     0.00000     0.00000     0.00000     0.00000     0.00000     0.01000
     30.00000     0.00000     0.00000     0.00000     0.00000     0.00000     0.00000
9999999.0000